/*--------------------------------*- C++ -*----------------------------------*\
| =========                 |                                                 |
| \\      /  F ield         | OpenFOAM: The Open Source CFD Toolbox           |
|  \\    /   O peration     | Version:  v2012                                 |
|   \\  /    A nd           | Website:  www.openfoam.com                      |
|    \\/     M anipulation  |                                                 |
\*---------------------------------------------------------------------------*/
FoamFile
{
    version     2.0;
    format      ascii;
    class       volScalarField;
    location    "3.3";
    object      p;
}
// * * * * * * * * * * * * * * * * * * * * * * * * * * * * * * * * * * * * * //

dimensions      [0 2 -2 0 0 0 0];


internalField   nonuniform List<scalar> 
4480
(
6428.89025108
6121.31695834
5904.79663335
5758.58707375
5691.52694783
5756.67454402
6194.43250572
6571.89826405
7316.89523722
6805.57107748
6373.46346448
6136.17871889
6004.67789453
6003.37079955
6037.81318542
6068.15370363
6172.47654671
6293.21340699
6528.32462545
6561.0656943
6622.3159242
6689.21637522
6895.71835438
6998.61713987
7743.01120932
8581.12757038
9589.45226528
10711.3719063
11192.8360846
9496.37839871
7792.30782329
6880.27059226
6436.11294525
6167.68314894
5893.88100779
5740.06318834
5694.12460259
5754.97518304
6213.65549132
6429.60374015
6863.24144903
6706.20013544
6295.64997236
6074.51102173
5977.212401
5997.32326918
6052.74660449
6120.00148895
6194.69767345
6278.09127965
6557.02989262
6552.86585697
6612.62790835
6673.34839968
6633.4264171
6805.16153142
7680.80629559
8548.5881928
9516.037968
10742.5882529
12012.2409697
9469.82836241
7603.88270839
6788.85222529
6430.938051
6120.90875506
5862.17255707
5722.03521367
5691.21241733
5741.15993673
5846.90712795
6184.35844269
6386.49104213
6316.18746306
6093.03702236
5984.84557101
5927.54062765
5982.07673587
6055.74983114
6141.92869202
6212.66548006
6301.32299239
6548.21007769
6538.43172124
6594.27822754
6661.96409184
6633.72385661
6609.77103545
7506.60636643
8383.06083356
9349.95552043
10691.0797034
12846.7150893
9409.78516365
7343.77809757
6644.46066596
6276.45935256
5971.49448732
5732.94437329
5705.62001692
5678.60479484
5713.62757738
5739.43784361
5796.41526442
6003.40526678
5908.3239349
5939.36628819
5852.36298485
5858.2602104
5964.19612047
6058.81263832
6133.81412403
6209.84800694
6305.65374849
6607.9133926
6509.23131176
6573.21167255
6667.93857648
6644.25368709
6734.78510595
7367.84146096
8064.77815111
9056.18671574
10252.550911
11777.4677641
8781.02497831
7137.20966733
6436.2638989
6168.64644954
5757.90678399
5691.19202712
5683.21175159
5662.22272576
5687.76108348
5703.37942113
5677.44171182
5685.96787789
5744.02505988
5572.00312033
5728.16266891
5787.12588372
5933.73970623
6061.10398113
6133.12982622
6200.40036714
6294.69599881
6666.28759077
6449.60817087
6546.58972214
6667.90297774
6691.17027608
6821.9689133
7319.28502208
7888.87176494
8531.42798184
9611.80905824
9906.18160259
8163.88102531
6866.81005176
6307.74626208
5777.296177
5721.45970537
5688.74249145
5672.46441232
5660.48827308
5671.01666076
5688.29598168
5670.9411681
5679.09414815
5651.92600499
5371.08496243
5607.42668055
5756.25733139
5892.07788663
6077.73668228
6133.5958612
6170.74922568
6222.17877668
6452.93680838
6363.43764635
6515.81185698
6675.82514405
6848.41717094
6897.08041747
7219.40117723
7729.06812924
8212.66836089
8671.84648525
8566.33484603
7500.21493896
6640.76673547
6120.91031315
5705.2749513
5709.38460804
5685.34567954
5668.45654087
5659.55253663
5665.80513294
5677.8318703
5667.14549732
5643.20199835
5578.32404883
5283.29472155
5499.33143863
5737.10082635
5876.36033898
6122.85592527
6107.05395683
6135.32140213
6160.7936426
6190.57073487
6273.58859737
6492.51815071
6696.7510324
6965.88915285
6907.71802459
7095.84979379
7434.67753035
7916.20566976
8141.70540928
7882.72550511
7271.09905625
6367.31862426
5956.81466486
5699.9547177
5694.7447209
5679.99642248
5665.63816912
5657.67992761
5660.04628958
5656.27655882
5664.57747509
5651.04020798
5645.07333913
5280.86326534
5497.63806672
5715.52288381
5851.56648706
6012.0122517
6017.56458198
6104.0562171
6104.67178045
6127.26644731
6205.57968946
6483.91717194
6696.22270141
6980.47293251
6910.50235654
6977.64819283
7088.51069539
7440.23293551
7712.69298828
7411.67834943
7065.16001365
6115.38357538
5849.98553713
5692.29586708
5678.85532509
5674.52065947
5661.66848121
5655.21657774
5651.723473
5654.9003033
5658.53520393
5625.95250558
5617.87466682
5496.54318734
5554.22187323
5686.54563817
5776.1427993
5889.41872475
5897.32346437
6007.34873573
6020.9267755
6067.90158667
6144.06656126
6405.21203521
6694.27476552
6942.82252039
6954.51056787
6881.18964569
6786.01739315
6999.17699602
7272.00202868
7038.73022089
6514.74854909
5996.53603449
5791.92006435
5686.3643995
5659.91576421
5666.92062687
5659.14241709
5652.02855575
5647.80790739
5640.15123507
5649.06248372
5622.50045951
5608.42317954
5568.14363002
5612.98691146
5661.88446385
5713.9446985
5776.74077966
5794.0169603
5840.86929689
5923.61223561
5988.63336066
6064.73517741
6308.86006795
6698.19198445
6703.27696224
6872.67544021
6764.46527907
6626.38259485
6684.77516269
6808.85597479
6621.47557425
6059.51437482
5955.21615852
5728.42091362
5683.35254865
5652.04734892
5662.7496087
5658.77574153
5647.41291524
5644.17623174
5634.29455673
5627.98338645
5616.59018363
5607.50303486
5591.65844846
5579.96403995
5654.85544634
5671.78094532
5706.40384227
5672.26968035
5663.13989312
5786.50933499
5910.93864589
5962.88337785
6156.92437881
6728.05915637
6634.48596603
6929.99370985
6539.58784586
6441.23154985
6387.75765711
6125.10732104
6105.25278527
5821.79872578
5695.83102966
5718.83434935
5679.04361974
5671.7479566
5657.35111553
5658.44866001
5647.52404171
5638.38403329
5629.32010238
5622.91496701
5611.15103532
5603.10153448
5596.97117262
5581.59011108
5619.36756112
5583.66949907
5694.47277601
5597.63659869
5438.51977996
5698.58767879
5807.98644847
5864.26535819
5981.13545528
6906.94925097
6656.1159673
6915.84054694
6245.71886831
6318.50874979
5936.19518605
5767.61119213
5751.68249765
5680.05716518
5636.99276607
5684.14257445
5641.52086035
5645.58206259
5653.76854702
5652.55511193
5643.81801868
5634.81501146
5625.10427732
5618.08284303
5605.76172175
5597.82110785
5598.94960469
5579.00340754
5592.28285818
5572.46254995
5580.28295326
5584.88870417
5518.52735266
5593.79884995
5733.27537696
5797.02307824
5672.58875861
7249.46532302
6716.85501693
6651.47988741
6072.80826758
6341.30807362
5767.89821228
5653.14340195
5675.8842175
5657.07354351
5625.5776456
5640.40417927
5642.07257586
5625.53929748
5650.38027654
5648.27044148
5638.46349826
5631.90840185
5621.18243628
5613.17038666
5600.25974825
5593.82125234
5580.59957356
5575.79297266
5592.25836311
5566.41017452
5583.0480673
5593.37287883
5536.33073834
5584.89880391
5668.77396134
5738.80364084
5794.8948997
6753.80267465
6681.73462409
6277.54869649
5970.7669996
6141.85416849
5652.65311969
5638.61065396
5650.47998092
5646.13915459
5622.878893
5626.36770846
5622.39970531
5630.88952044
5647.24665259
5637.19408941
5631.53183723
5627.85843974
5617.67429063
5611.54850684
5599.13931293
5590.14677158
5562.80227362
5572.20167619
5603.99397752
5542.27814004
5567.38560179
5585.4310819
5552.7849261
5584.53410987
5643.03358963
5670.76966943
5813.66722416
6510.2209434
6460.52623473
5992.52377346
5584.61638103
5953.94474296
5665.23141635
5639.97291667
5635.06058502
5636.4633922
5621.48792036
5618.79501337
5618.01106501
5618.19791216
5646.36140822
5618.64770778
5624.9166881
5615.25758769
5615.25372305
5609.84008126
5604.17674842
5582.54888355
5564.02098799
5569.12314721
5587.51406607
5557.58449697
5569.24156243
5579.821407
5566.80168951
5580.97367677
5614.35431113
5607.59006424
5768.47607435
6133.53680036
6092.95785385
5731.07771111
5691.7341863
5755.88178189
5662.39873382
5635.74326479
5622.43256231
5627.40336211
5607.83119337
5612.50186581
5605.16530845
5601.36078649
5651.76471075
5609.7723457
5620.77931576
5608.64172126
5612.07604088
5608.42669732
5603.52093422
5575.13496687
5562.46901808
5566.42617633
5571.40498336
5563.74064233
5569.53148569
5577.20837446
5563.17071001
5568.18168811
5567.03543588
5574.32828183
5708.81031804
5738.33957721
5706.08921017
5637.02280832
5617.02764516
5690.13630589
5657.7318751
5621.64484417
5615.49494675
5621.099627
5604.79534533
5607.02082505
5600.99855627
5600.03253815
5622.65639016
5600.61329237
5614.05308585
5603.91796064
5607.93880603
5607.70488391
5598.90637913
5570.90382613
5561.96920107
5564.47560376
5554.99070044
5567.05059115
5568.50250777
5573.0994368
5569.40754072
5556.95500375
5565.48773821
5570.82140791
5579.83915479
5605.50110284
5642.09085978
5623.41315011
5625.78713479
5661.57424843
5651.0262048
5615.8706207
5611.09753889
5615.01619205
5601.43325321
5601.1896214
5591.19877091
5595.73723098
5602.15796419
5595.78044208
5608.80586639
5599.0141045
5605.60264395
5601.47259128
5595.42960687
5574.99654848
5564.1323181
5560.66184138
5549.47942739
5569.60292934
5567.74464697
5567.14383558
5567.51803557
5551.04252754
5562.46537526
5563.35173017
5572.2521722
5589.9319619
5608.72627315
5615.95458182
5623.10834778
5646.79731639
5636.52396528
5615.14174308
5604.97721813
5609.3656951
5597.59379161
5600.16670028
5590.55168462
5590.82726824
5587.71235095
5591.79462227
5606.56524686
5593.37277517
5604.68182413
5598.74652594
5584.20519091
5573.66431491
5561.05543891
5554.59921884
5549.53358726
5564.60383381
5564.78974698
5564.66565506
5565.75973909
5558.04296262
5562.11719545
5563.22470782
5574.42842161
5586.80322157
5597.43253991
5609.40871155
5618.44156855
5636.39549437
5628.03879202
5612.73562741
5599.35551127
5597.99685804
5597.23810066
5597.57212994
5588.12521911
5586.33789171
5578.54295551
5589.4041191
5605.09275745
5594.18057836
5597.06149695
5595.36742958
5581.18033466
5569.0886843
5556.42412665
5551.08546439
5549.48473032
5560.21085388
5561.13380813
5561.94446176
5562.3718619
5559.45680936
5561.7200581
5568.17807061
5572.07266639
5583.24817613
5592.94991968
5603.25597714
5612.26226986
5625.87624545
5620.75867431
5608.00332687
5596.21567893
5594.01060024
5593.63714825
5592.71057424
5584.71540022
5580.8025559
5566.7418834
5580.03158761
5608.44693797
5589.90063407
5589.10725658
5591.89620399
5577.66370231
5564.78473214
5550.63804885
5550.3576981
5549.73167046
5555.26474663
5557.44774984
5551.0765971
5553.90630529
5552.80823142
5558.57411113
5562.49153122
5569.27143067
5580.05195759
5589.40048765
5598.7147424
5607.93109033
5617.08127928
5613.82842223
5600.804637
5592.9063585
5590.97399632
5587.89818476
5590.06823406
5575.74489836
5574.40396721
5562.94822582
5575.0273367
5601.15655932
5584.75811143
5580.87727012
5589.2488835
5573.37633276
5559.83479843
5549.94223364
5549.56480427
5548.92129624
5551.05365973
5554.24469422
5551.08929385
5551.54422487
5552.37848939
5554.20860186
5559.40192129
5566.61553639
5576.88817404
5585.89578688
5594.3608685
5602.64403423
5609.30936107
5607.00827122
5596.58527124
5589.71885473
5587.2391013
5583.33212475
5588.22169105
5571.09176366
5567.82671601
5559.68293198
5567.60328302
5594.23705802
5580.14801172
5575.6626555
5581.48099292
5567.51787601
5558.93319718
5553.10105573
5547.86821549
5547.05863905
5548.13411037
5549.08289312
5548.24735078
5547.71649085
5549.08638408
5552.41916104
5556.90059276
5563.708584
5573.64026413
5582.12395872
5589.93559476
5596.06622038
5602.3330932
5600.41556477
5592.2537839
5586.56715831
5583.28645848
5577.99568301
5586.04423179
5566.16764373
5559.43787962
5552.27257373
5561.85920309
5586.05764732
5576.22975503
5572.27298897
5571.29553491
5564.81488545
5554.37232311
5552.06198635
5546.10384972
5543.33523777
5542.97619783
5546.81101927
5544.65633681
5544.33048635
5545.6641706
5549.9948288
5554.68310334
5561.41441302
5570.36713363
5578.29188015
5585.45262003
5591.14342708
5595.95298796
5594.30936695
5587.85049627
5583.70500641
5578.76959427
5573.4960013
5564.10310557
5563.85905748
5554.83388951
5548.2297596
5552.47944381
5581.44151268
5573.00279901
5568.4404708
5565.56315294
5562.37745129
5552.37733728
5547.37997618
5544.5379466
5538.8662686
5540.78178913
5544.20774597
5542.91921608
5541.67348973
5544.14580108
5547.56257112
5552.5662473
5558.97084907
5567.02210222
5574.36205738
5580.91460459
5586.10508021
5589.89638341
5588.51179959
5584.15881291
5579.72185961
5574.57614259
5569.77520287
5556.80589888
5555.77550108
5551.72863201
5547.8386774
5545.67995465
5563.90768671
5569.47737171
5563.07889275
5567.52825443
5557.80383624
5549.25925132
5542.67101035
5535.02410935
5536.44341206
5538.73035397
5539.16451198
5539.40364403
5540.238461
5540.76710561
5545.72622361
5549.50689919
5556.30842182
5563.59249755
5570.34708771
5576.3157193
5580.9958996
5584.05505319
5583.00580593
5578.67553376
5573.08129709
5570.21334232
5566.34148721
5554.36365386
5551.3135934
5548.39514296
5547.13492298
5540.6942649
5548.92725792
5562.93238129
5556.71156338
5562.03584428
5554.6160203
5547.96500411
5539.72743028
5533.27190831
5534.35393152
5533.87119377
5536.15395674
5536.57827547
5537.9623035
5539.22938648
5543.43694009
5547.39158349
5553.48435654
5560.07250658
5566.24977693
5571.66226102
5575.84731934
5578.41413644
5577.65462589
5573.53393662
5568.58486434
5566.25158805
5563.33605044
5551.00994211
5547.39498895
5545.00518471
5543.22142416
5538.14328904
5537.54229712
5555.98582264
5554.36336377
5554.03570084
5551.94461529
5546.18367082
5534.33246744
5532.07089179
5532.35430539
5532.0275762
5533.65550872
5534.32408568
5535.76986549
5537.42532966
5541.3270268
5545.03205427
5550.50722757
5556.4546362
5562.06982281
5566.9532541
5570.66954926
5572.90775663
5572.43748942
5568.36876001
5564.95814039
5561.21293953
5560.22022779
5547.49839026
5543.76559195
5541.21792329
5539.51732983
5534.77257332
5531.08507984
5546.86698962
5547.46035276
5543.32877406
5545.68636002
5542.25471432
5532.54700343
5529.47675069
5530.27511433
5530.0157975
5531.18589019
5532.08077454
5533.4747973
5535.25797841
5537.99243225
5542.38132785
5547.36949465
5552.72868612
5557.8061527
5562.19082606
5565.46087516
5567.07349629
5566.77547722
5563.61635345
5560.46759138
5555.34904708
5556.40491769
5544.96714412
5540.13607385
5537.16210989
5536.0159337
5532.84714976
5524.04358453
5537.40293384
5546.97739216
5537.2685357
5537.39701358
5537.73444403
5532.39766794
5527.23211486
5527.77348637
5527.77327732
5528.66713858
5529.63386996
5531.02976573
5532.89070959
5535.57369119
5539.54200388
5544.06921397
5548.88793227
5553.45758882
5557.37730691
5560.25573702
5561.65564947
5561.28062547
5558.73476732
5555.62326763
5551.05016629
5549.43118148
5542.61578845
5535.49590808
5532.79546987
5532.08665838
5528.93661767
5529.93526992
5527.590352
5547.15157079
5536.2239263
5534.05271382
5532.05956724
5529.5840722
5525.4737083
5525.42993947
5525.3460141
5526.05700331
5527.04561647
5528.43421256
5530.31514923
5532.91228773
5536.50938126
5540.60553208
5544.92787683
5549.02223985
5552.51244758
5555.04517985
5556.24824328
5555.86488754
5553.77332424
5550.79944687
5546.9550137
5543.78750456
5539.92110215
5532.80022479
5533.8010856
5528.49529375
5524.68620947
5526.10995135
5512.9611743
5552.34160553
5533.15687303
5537.38691745
5526.18753306
5526.45067461
5523.19807669
5522.5918182
5522.6833924
5523.31364816
5524.29405675
5525.66390176
5527.52812245
5530.00935598
5533.27858309
5536.9761558
5540.84392088
5544.49719348
5547.59336143
5549.81626376
5550.86155364
5550.49475606
5548.71817302
5546.01847725
5542.60379359
5538.62172152
5536.75195372
5529.47619061
5529.52859895
5525.13261109
5519.67096509
5526.0929199
5518.06882761
5530.89020217
5528.08070158
5526.56354893
5529.93523223
5523.4414803
5520.60049892
5519.77210971
5519.8567479
5520.40868362
5521.3691872
5522.70999268
5524.52888494
5526.87600796
5529.84872822
5533.1798085
5536.63174865
5539.87884472
5542.61507933
5544.55720246
5545.46287959
5545.13336501
5543.59594289
5541.17772087
5538.13199969
5534.73648255
5532.39276804
5525.52910861
5525.32735485
5521.88182611
5512.54171716
5529.157749
5514.74806585
5499.63909878
5519.18018343
5516.97625029
5527.50846038
5520.13970295
5517.55071655
5516.72615925
5516.8200178
5517.32112345
5518.26019866
5519.56314753
5521.31685138
5523.51900876
5526.22004982
5529.21429019
5532.28736489
5535.1629881
5537.57199602
5539.26573465
5540.0416448
5539.74774375
5538.40603886
5536.24358235
5533.50876027
5530.49349586
5528.02193003
5520.94352071
5522.08586403
5519.69313739
5513.23769826
5524.26341373
5507.35284419
5497.97949089
5522.59735392
5515.41979827
5518.02441202
5515.6469894
5514.04215206
5513.4194691
5513.53891537
5514.040046
5514.95625084
5516.21879229
5517.88777478
5519.94239719
5522.39304886
5525.07809175
5527.80685915
5530.34462962
5532.45768879
5533.93052533
5534.59380836
5534.32944946
5533.14760749
5531.20385078
5528.73333902
5525.9896839
5523.47407315
5515.42335221
5519.48638604
5515.71787306
5512.03597943
5513.56356124
5510.93338409
5520.22476225
5518.06242519
5512.75160602
5509.71236545
5510.90065512
5510.21646352
5509.8635706
5510.03783515
5510.5555141
5511.448738
5512.66770418
5514.24273823
5516.14892588
5518.36804626
5520.7697655
5523.18630055
5525.41821087
5527.26476462
5528.54070802
5529.10461576
5528.86301083
5527.8134596
5526.05801682
5523.81021176
5521.29811708
5518.70054096
5508.19513564
5517.73937603
5511.71015562
5508.90605373
5506.45360602
5509.68210295
5521.05241275
5512.28144628
5504.06983662
5505.0803607
5506.40385766
5506.17824436
5506.0643174
5506.31138556
5506.85758772
5507.73117174
5508.90343553
5510.38066639
5512.13994289
5514.14517968
5516.28774155
5518.42169608
5520.37775188
5521.98510038
5523.08534451
5523.56121253
5523.33694941
5522.39926195
5520.8120347
5518.77764419
5516.4902132
5513.91054524
5507.64421288
5508.75884773
5507.07290189
5506.06571256
5507.07382557
5494.19762476
5509.40689817
5504.99055541
5508.40470017
5501.85120654
5502.0400342
5501.96868695
5502.02963749
5502.35879386
5502.93970738
5503.79741887
5504.92056603
5506.30024617
5507.91686331
5509.72399627
5511.63013556
5513.5088823
5515.21692792
5516.6100639
5517.55335857
5517.95089875
5517.73987737
5516.90112991
5515.47648784
5513.66571093
5511.6526177
5509.73559312
5505.43750866
5512.56299647
5502.17421336
5502.72536806
5500.56851349
5487.48091931
5489.05083763
5496.33046926
5498.85546217
5497.88554093
5497.56269504
5497.56978068
5497.76456623
5498.17970665
5498.79771486
5499.64229255
5500.71588852
5501.99991415
5503.47982253
5505.10374952
5506.79472977
5508.44349023
5509.92912913
5511.13072133
5511.93358348
5512.2609382
5512.05979686
5511.3150526
5510.06947912
5508.50554459
5506.73005445
5505.47026847
5502.11210797
5503.32738962
5498.78084545
5495.93405536
5492.9447519
5490.42904796
5493.11638284
5483.95917683
5492.42901509
5493.33321814
5492.80333733
5492.96450429
5493.27291215
5493.773995
5494.42943091
5495.26227829
5496.28684467
5497.47818491
5498.82850173
5500.2833896
5501.77898556
5503.22092428
5504.50755261
5505.53797292
5506.21483075
5506.47822682
5506.28302938
5505.63323336
5504.60114714
5503.35560549
5501.68857576
5500.67089933
5497.41529541
5497.18521004
5487.27629524
5489.7922315
5494.12436141
5503.69952113
5494.04639805
5498.4291906
5491.85238363
5488.81390718
5487.86030825
5488.13958198
5488.55464715
5489.14209576
5489.83436334
5490.65518248
5491.6316795
5492.73371134
5493.96218684
5495.26146243
5496.58001982
5497.83636716
5498.94524075
5499.82267844
5500.38606679
5500.58918249
5500.3930591
5499.83563146
5499.06171814
5498.35041879
5496.65733276
5495.39718118
5487.59486391
5492.74486444
5491.55622575
5490.82754948
5484.35281036
5484.59618961
5482.09820387
5488.36598758
5489.13514724
5483.60355703
5482.54269571
5483.06923424
5483.61267981
5484.2863381
5485.01357905
5485.81981895
5486.74940491
5487.76545148
5488.87966315
5490.0360839
5491.19460836
5492.28476145
5493.23513948
5493.97586532
5494.43671437
5494.58060768
5494.3706765
5493.87235572
5493.35456107
5493.81066875
5493.40332025
5492.29361337
5484.52649821
5479.74945625
5482.89725549
5483.38117059
5489.74311793
5471.46151896
5474.06319584
5475.97515607
5474.35127535
5476.60838047
5476.89941402
5477.7556548
5478.46214189
5479.21260704
5479.96985054
5480.75552496
5481.63974121
5482.5732283
5483.57848168
5484.60500388
5485.6191461
5486.56080929
5487.37017869
5487.98886475
5488.35705503
5488.4416833
5488.20097522
5487.6630389
5487.11411707
5489.40988409
5487.08859888
5485.78265046
5477.46981264
5473.86504273
5474.84917576
5472.61856133
5466.38500421
5466.74856161
5467.27185153
5465.27206312
5463.23194494
5469.3664873
5470.95355288
5472.26225013
5473.12964262
5473.93093001
5474.70724719
5475.46129335
5476.30253901
5477.15483227
5478.05804542
5478.96564542
5479.84964867
5480.65894385
5481.34322173
5481.85331979
5482.13828508
5482.16701492
5481.89219054
5481.24896539
5479.88167119
5477.60324463
5479.79349679
5479.16302308
5470.82317257
5468.5044
5467.11371195
5464.42193825
5463.90152374
5458.99311051
5459.88140111
5455.86996073
5457.09770302
5463.12597035
5465.1883577
5466.67737878
5467.64783543
5468.45590335
5469.23090083
5469.94801247
5470.72801881
5471.50559629
5472.31500116
5473.11468085
5473.88165462
5474.57327914
5475.14703627
5475.56096219
5475.77105453
5475.74874094
5475.45083067
5474.83902306
5474.23573146
5473.4409292
5472.01059848
5472.25137783
5464.34156261
5462.51654137
5460.44786545
5455.58444069
5453.98075574
5449.23251706
5451.13282308
5448.00341234
5450.24189658
5457.42309363
5459.9244917
5461.11298257
5462.05110486
5462.79587832
5463.53787264
5464.20807277
5464.92088553
5465.6262882
5466.34613656
5467.04801855
5467.71018061
5468.29756077
5468.77416501
5469.10352954
5469.24755795
5469.17633091
5468.84689614
5468.21951293
5467.57055146
5467.95903423
5466.16190827
5465.54061651
5457.87858902
5456.41616289
5454.93089021
5454.84609537
5448.74478262
5446.20607357
5445.1686792
5441.23176222
5457.30887116
5455.74494126
5455.14968191
5455.57122426
5456.32075686
5456.95578081
5457.61957189
5458.23645115
5458.87702681
5459.51217135
5460.14805999
5460.76086158
5461.32952871
5461.82506242
5462.21673518
5462.47269229
5462.55979859
5462.44608451
5462.08424397
5461.38934358
5460.19018829
5456.96494647
5459.05501212
5458.84392471
5451.3466191
5450.10094255
5448.67131553
5447.22797106
5444.99698037
5442.50660108
5440.66434041
5434.76925756
5463.1383275
5454.70134553
5450.74458139
5449.95902906
5450.39273025
5450.90318709
5451.46716021
5452.02256512
5452.59165777
5453.15746595
5453.71574314
5454.24758712
5454.73326372
5455.14848319
5455.46667883
5455.66046623
5455.70146132
5455.55935791
5455.19180411
5454.52934231
5453.42066599
5451.46538546
5453.11577142
5452.24657306
5444.70293609
5443.64193752
5442.34325722
5440.04824146
5440.08006082
5438.79918905
5438.24162177
5436.12652041
5445.80080638
5444.87591402
5444.03901401
5443.88008048
5444.17558149
5444.59070819
5445.06476562
5445.55467252
5446.05612922
5446.55542868
5447.04269941
5447.50162791
5447.91417082
5448.25973389
5448.51538944
5448.65830531
5448.6650912
5448.51132046
5448.16991897
5447.60930809
5446.77839014
5445.93562528
5446.18970821
5445.43253094
5437.85333011
5437.07145074
5436.43084693
5437.06536255
5435.3171686
5434.87220294
5436.66147765
5441.55100292
5434.10719527
5437.75004926
5437.77149577
5437.45040132
5437.65025143
5437.98914475
5438.39086125
5438.81989395
5439.26023523
5439.69810074
5440.12139796
5440.51545473
5440.86414405
5441.14996015
5441.35342305
5441.45598647
5441.43943538
5441.28634839
5440.98302952
5440.52578922
5439.94644202
5439.51524032
5439.14345378
5438.48784925
5430.76593736
5430.12620911
5429.54929
5429.35700713
5429.08878734
5429.6453368
5434.67188061
5438.53403423
5435.12284756
5431.55484623
5430.7654683
5430.53829044
5430.7602403
5431.07195953
5431.42672294
5431.80575917
5432.19348882
5432.57675924
5432.94350658
5433.28068109
5433.57424826
5433.80948775
5433.97015588
5434.04163442
5434.01050866
5433.86542977
5433.60134858
5433.22542491
5432.7750664
5432.37252236
5431.92911613
5431.34761134
5423.42157437
5422.83231101
5422.18529183
5421.71849514
5421.20912311
5422.44773568
5430.65220954
5424.60487586
5424.6116273
5423.37335691
5423.160264
5423.22909609
5423.51556022
5423.8302047
5424.15984931
5424.50175633
5424.84621628
5425.18252375
5425.5002198
5425.78823339
5426.03478841
5426.22774859
5426.35393507
5426.4020501
5426.36270625
5426.22894099
5426.00006159
5425.68526888
5425.31063395
5424.92571526
5424.49007335
5423.9683501
5415.82033572
5415.24628646
5414.52278335
5413.8657477
5412.38654252
5409.59783039
5402.50148496
5404.78856303
5411.62456579
5414.26313173
5415.25911199
5415.60329857
5415.92848129
5416.26002319
5416.58286891
5416.90013395
5417.21010969
5417.50678205
5417.78248956
5418.02851338
5418.23539752
5418.39343549
5418.49219888
5418.52312893
5418.47990121
5418.35832874
5418.1593263
5417.89055933
5417.56778163
5417.21001649
5416.80172093
5416.33263512
5407.96655506
5407.43284458
5406.78182162
5406.1069849
5404.5578414
5402.83747124
5398.19144644
5401.14837437
5403.80481926
5405.9290124
5407.03750211
5407.62328354
5408.03315819
5408.38279039
5408.70031012
5408.99761482
5409.27858519
5409.54136512
5409.78111985
5409.991466
5410.16510047
5410.2945677
5410.37172125
5410.39029623
5410.3460414
5410.23645241
5410.06275221
5409.83032133
5409.54806229
5409.22380831
5408.85350039
5408.43362174
5399.85123718
5399.38729481
5398.85434963
5398.25439295
5397.35021334
5396.63877988
5395.99345177
5396.20252855
5396.85025363
5398.04766983
5398.86993186
5399.44325644
5399.86572098
5400.21179079
5400.51548332
5400.79139441
5401.04544855
5401.27810892
5401.4866353
5401.66653256
5401.81235409
5401.91848562
5401.97882988
5401.98870558
5401.94534706
5401.84725058
5401.69548774
5401.49361672
5401.2468215
5400.95929655
5400.63129966
5400.26214992
5391.45723379
5391.08043746
5390.67917353
5390.26939919
5389.8807429
5389.81023105
5390.56038745
5389.64885706
5389.63327585
5390.12367591
5390.63285843
5391.07188962
5391.43758302
5391.75046371
5392.02711232
5392.27671914
5392.50351427
5392.70817391
5392.8889278
5393.0425515
5393.16499511
5393.25209257
5393.29933455
5393.30330484
5393.26218668
5393.17510368
5393.04294618
5392.86816516
5392.6541753
5392.40419194
5392.12021547
5391.80393743
5382.75695879
5382.46361645
5382.17491645
5381.91309889
5381.73376842
5381.73350206
5382.05720035
5381.69518193
5381.63783934
5381.8259623
5382.12064761
5382.43133554
5382.72092565
5382.98534699
5383.22591515
5383.44490938
5383.64349521
5383.82137619
5383.97690711
5384.10752375
5384.21013885
5384.28162816
5384.31868093
5384.31883068
5384.28087835
5384.20440489
5384.09019296
5383.94012823
5383.7569285
5383.5435897
5383.30317606
5383.03931594
5373.7214851
5373.49632979
5373.2838785
5373.11229368
5373.00803688
5372.99020571
5373.15377134
5372.96778703
5372.96471242
5373.06050686
5373.24246271
5373.45836915
5373.68074067
5373.89532848
5374.0969722
5374.28355401
5374.45368474
5374.60589141
5374.73826106
5374.84849499
5374.93411237
5374.99269235
5375.0218044
5375.01966537
5374.98550449
5374.91922279
5374.82159207
5374.69427285
5374.53969576
5374.36088663
5374.16151019
5373.94624824
5364.32718475
5364.15577591
5364.0000863
5363.87747739
5363.80225923
5363.77425566
5363.84044043
5363.75738062
5363.77780866
5363.84415464
5363.96678351
5364.12064206
5364.28859214
5364.45815175
5364.62250836
5364.77747557
5364.92016566
5365.04818304
5365.15932972
5365.251437
5365.32236944
5365.37018824
5365.39307304
5365.38973748
5365.35970984
5365.30311624
5365.22076268
5365.11421317
5364.98576516
5364.83841928
5364.67600494
5364.50344229
5354.55398549
5354.42330705
5354.3075099
5354.21543098
5354.1555355
5354.1258385
5354.14524054
5354.11375302
5354.13901153
5354.19209153
5354.28051022
5354.39338679
5354.52016175
5354.65240786
5354.78388663
5354.91002123
5355.02738114
5355.13321179
5355.22519447
5355.30123837
5355.35945693
5355.39824492
5355.41622204
5355.41243376
5355.3866324
5355.33907826
5355.27061623
5355.18273143
5355.07758297
5354.95801632
5354.82766027
5354.69110017
5344.38492888
5344.28501473
5344.19742635
5344.12692348
5344.07835593
5344.0508256
5344.05151794
5344.04283124
5344.06565885
5344.10925047
5344.17570319
5344.26035008
5344.35636064
5344.45896046
5344.56282539
5344.66385247
5344.75874381
5344.84482099
5344.91981901
5344.98177622
5345.02903317
5345.06024461
5345.07432158
5345.07057171
5345.04886892
5345.00956423
5344.95349951
5344.88205281
5344.79719432
5344.70149008
5344.59813656
5344.49107216
5333.80449621
5333.72802141
5333.66158979
5333.60670948
5333.56758589
5333.54413916
5333.5386227
5333.53858264
5333.55786868
5333.59281366
5333.64349961
5333.70692823
5333.78090242
5333.86033287
5333.94160797
5334.02144999
5334.09705014
5334.16600026
5334.22624317
5334.27603893
5334.31394893
5334.33881622
5334.34979104
5334.34634933
5334.32846559
5334.29651063
5334.25127338
5334.19400046
5334.12642534
5334.05075177
5333.96968366
5333.88639612
5322.79748943
5322.73860789
5322.68645139
5322.64528817
5322.61468185
5322.59570676
5322.58921093
5322.59175149
5322.60737565
5322.63495792
5322.67398334
5322.7226411
5322.77890224
5322.8399092
5322.90287527
5322.96521198
5323.02462026
5323.07906984
5323.12678277
5323.16626208
5323.1962777
5323.21587621
5323.22437169
5323.22138836
5323.20692516
5323.18135925
5323.14539009
5323.10010577
5323.04696793
5322.98782142
5322.92483291
5322.86048465
5311.34878457
5311.30401644
5311.2646078
5311.23247082
5311.2084247
5311.19335339
5311.18756961
5311.19045121
5311.20274753
5311.22435773
5311.25437533
5311.29148153
5311.3342699
5311.38083795
5311.42918361
5311.47732107
5311.52342142
5311.56584211
5311.60311657
5311.63399146
5311.65745238
5311.67271707
5311.67924551
5311.67675107
5311.66526819
5311.64512602
5311.61693581
5311.58160561
5311.54033389
5311.49460961
5311.44613689
5311.3968438
5299.44198639
5299.40816459
5299.37837079
5299.3538732
5299.33559645
5299.32381854
5299.31910041
5299.32151701
5299.33138665
5299.34776551
5299.37034401
5299.39840195
5299.43077784
5299.46608562
5299.50287388
5299.53964793
5299.57499923
5299.60762206
5299.63634549
5299.66017045
5299.67827348
5299.69002673
5299.69499602
5299.6929742
5299.68400618
5299.66837129
5299.64658068
5299.61936915
5299.58770715
5299.55274037
5299.51581164
5299.47837941
5287.06008991
5287.03469946
5287.01230594
5286.99380521
5286.97990807
5286.97107266
5286.96757446
5286.96943674
5286.97668531
5286.98902317
5287.00607403
5287.02718583
5287.05152682
5287.07809849
5287.10583573
5287.13363869
5287.16042812
5287.18520512
5287.20705473
5287.22519544
5287.23897967
5287.24790801
5287.2516525
5287.2500517
5287.24315664
5287.2311895
5287.21457254
5287.1938858
5287.16987871
5287.14343727
5287.11558867
5287.08742366
5274.1853444
5274.16644097
5274.14975312
5274.13592903
5274.12551774
5274.11887685
5274.11622325
5274.117615
5274.12302554
5274.13225286
5274.14498399
5274.16072511
5274.17886669
5274.19868942
5274.21940021
5274.24019022
5274.26026289
5274.27884648
5274.29525703
5274.30888569
5274.31924963
5274.32594152
5274.32873155
5274.32749541
5274.32227221
5274.31324696
5274.30074378
5274.28520794
5274.26721555
5274.24744859
5274.22666613
5274.2056839
5260.79913094
5260.78519854
5260.77289091
5260.7626854
5260.75496397
5260.75002367
5260.7480347
5260.74905619
5260.75305758
5260.75988974
5260.76929836
5260.78091153
5260.79429513
5260.80891702
5260.82422085
5260.83959772
5260.85445425
5260.86822599
5260.8803995
5260.89051588
5260.89819951
5260.90316124
5260.90521471
5260.90427768
5260.90038327
5260.89367313
5260.88438614
5260.87286316
5260.8595408
5260.84493408
5260.82959267
5260.81412514
5246.88199373
5246.87183327
5246.86285852
5246.85540165
5246.84975217
5246.84612887
5246.84466287
5246.84540545
5246.8483338
5246.85332391
5246.86019265
5246.86866772
5246.87843704
5246.8891084
5246.90028638
5246.91151822
5246.92238187
5246.93246167
5246.9413834
5246.94878474
5246.95441211
5246.95804675
5246.95954875
5246.95885769
5246.955991
5246.95106583
5246.9442554
5246.93581787
5246.92607647
5246.91540326
5246.90421019
5246.89292951
5232.4135622
5232.40624732
5232.39977398
5232.394392
5232.39032114
5232.38769591
5232.38663136
5232.38716191
5232.38927332
5232.39287256
5232.39782553
5232.40394478
5232.4109853
5232.41868509
5232.42674887
5232.43485723
5232.44270979
5232.4499955
5232.45644536
5232.46180923
5232.46587688
5232.46850417
5232.46958739
5232.46907885
5232.46699499
5232.4634268
5232.45849888
5232.45240522
5232.44537115
5232.43766129
5232.42958502
5232.42144591
5217.37260124
5217.36738943
5217.36277689
5217.35894251
5217.35604414
5217.35417215
5217.35340866
5217.35378313
5217.35528587
5217.3578429
5217.36137266
5217.36572726
5217.37075023
5217.37623983
5217.38198625
5217.38776683
5217.39336747
5217.39856386
5217.40315739
5217.40698078
5217.40988522
5217.41175111
5217.41252443
5217.4121596
5217.41067458
5217.40812588
5217.40461419
5217.40026758
5217.39525514
5217.38976547
5217.38401045
5217.37821163
5201.73686546
5201.73319844
5201.72995683
5201.72726582
5201.72522424
5201.72391158
5201.72337917
5201.72364825
5201.72469591
5201.7264952
5201.72897521
5201.73203067
5201.73555665
5201.73941605
5201.74346314
5201.74753343
5201.75147691
5201.75513546
5201.75836303
5201.76104809
5201.76310136
5201.76441778
5201.76494561
5201.76468727
5201.7636488
5201.76185599
5201.75937396
5201.75631924
5201.7527945
5201.74893568
5201.7448863
5201.74080947
5185.48323737
5185.48068504
5185.47843367
5185.47655799
5185.47513839
5185.47422927
5185.47386555
5185.47404609
5185.47477033
5185.47601968
5185.47774433
5185.47986887
5185.4823114
5185.48498514
5185.48779032
5185.49060939
5185.4933475
5185.4958831
5185.49812887
5185.50000326
5185.50142645
5185.50235004
5185.50271683
5185.50253679
5185.50181648
5185.5005643
5185.49884069
5185.49671223
5185.49426917
5185.4915962
5185.48879239
5185.48597388
5168.5875385
5168.58579426
5168.58425324
5168.58296326
5168.58198792
5168.58135882
5168.58110863
5168.58123776
5168.58172932
5168.58258766
5168.58377172
5168.58522423
5168.58689175
5168.58871892
5168.59063808
5168.59256603
5168.59443154
5168.59617778
5168.59772367
5168.59900438
5168.59998089
5168.60060522
5168.60086147
5168.60074134
5168.60024524
5168.59938867
5168.59821221
5168.59675596
5168.59508263
5168.59325635
5168.59134287
5168.58941732
5151.02463405
5151.02345442
5151.02241272
5151.02154626
5151.02088763
5151.0204635
5151.02029156
5151.02037298
5151.02070954
5151.02128874
5151.02208685
5151.02307142
5151.02420445
5151.02543497
5151.02672259
5151.02801653
5151.02927432
5151.03044305
5151.03147933
5151.03234846
5151.03300611
5151.03343582
5151.03361464
5151.03353578
5151.03319673
5151.03261925
5151.03182768
5151.03084753
5151.02972118
5151.02849392
5151.02720359
5151.02589952
5132.76834981
5132.76756273
5132.76686536
5132.76628721
5132.76585308
5132.76557324
5132.76545982
5132.76551649
5132.76574073
5132.76612834
5132.76665822
5132.7673125
5132.7680611
5132.76887624
5132.7697341
5132.77059796
5132.77143034
5132.77220647
5132.77289093
5132.77346421
5132.77390146
5132.77418916
5132.77431155
5132.77425301
5132.77402663
5132.77364044
5132.77311477
5132.77247018
5132.77172699
5132.77091122
5132.77005596
5132.76918908
5113.79142477
5113.79091641
5113.79046158
5113.79008522
5113.78980343
5113.78962144
5113.78954727
5113.78959137
5113.78974038
5113.7899908
5113.79033068
5113.79075359
5113.79124462
5113.79178327
5113.79234074
5113.79290477
5113.79345719
5113.79396618
5113.79441281
5113.79478671
5113.79507135
5113.7952488
5113.79532396
5113.79528609
5113.79514489
5113.79489742
5113.79455116
5113.79413036
5113.79364824
5113.79311057
5113.79254473
5113.7919741
5094.06554526
5094.0652156
5094.06492558
5094.06468772
5094.06450249
5094.06438524
5094.06433981
5094.06435942
5094.06445116
5094.06461565
5094.06483836
5094.06511168
5094.06542222
5094.06576776
5094.06613258
5094.06650311
5094.06685156
5094.06717432
5094.06746702
5094.06770623
5094.06788609
5094.06800865
5094.06806014
5094.0680355
5094.0679449
5094.06778889
5094.06756915
5094.06729745
5094.06697961
5094.06662994
5094.06626647
5094.06589976
5073.56120429
5073.56099651
5073.56081471
5073.56066173
5073.56053865
5073.56046331
5073.56042978
5073.56044899
5073.56050668
5073.56060777
5073.56074647
5073.56091653
5073.56111646
5073.56133501
5073.56156156
5073.56179198
5073.56201906
5073.56222591
5073.56241011
5073.56255931
5073.56267729
5073.56275358
5073.56278907
5073.56277998
5073.56272522
5073.56261901
5073.56248208
5073.56230901
5073.56210975
5073.56189513
5073.56166728
5073.56143312
5052.24771999
5052.24759226
5052.24747913
5052.24738554
5052.2473155
5052.24726547
5052.2472434
5052.24724587
5052.24727842
5052.24734174
5052.24742514
5052.24753089
5052.2476552
5052.24778589
5052.24792324
5052.24806951
5052.24821526
5052.24835033
5052.24846417
5052.24855846
5052.24863311
5052.248677
5052.2486963
5052.2486899
5052.24865638
5052.24859717
5052.24851664
5052.24840946
5052.2482872
5052.24814849
5052.24800661
5052.24786249
5030.09320041
5030.09312444
5030.09304634
5030.0929838
5030.09294025
5030.09291069
5030.09289661
5030.09290047
5030.09291823
5030.0929525
5030.09300409
5030.09307275
5030.093148
5030.09323087
5030.09332351
5030.09340615
5030.09349038
5030.09356999
5030.09364111
5030.09370496
5030.09375626
5030.09379008
5030.09380205
5030.09379357
5030.09377153
5030.09373009
5030.09367789
5030.09361496
5030.09353946
5030.09345772
5030.09337016
5030.09328687
5007.06447119
5007.06442505
5007.06437835
5007.06434412
5007.06431982
5007.06430404
5007.06429298
5007.06429804
5007.06430936
5007.06432294
5007.06435015
5007.06438676
5007.06443221
5007.06448905
5007.06454583
5007.06459766
5007.06464668
5007.06469435
5007.06474189
5007.06478211
5007.06481575
5007.06483417
5007.06484421
5007.06483804
5007.0648234
5007.06479408
5007.06475837
5007.06471823
5007.06466954
5007.06462342
5007.06457356
5007.06451964
4983.12707565
4983.12704815
4983.1270206
4983.12699618
4983.12697831
4983.12696115
4983.12694986
4983.12694744
4983.12695438
4983.12696592
4983.12698636
4983.12700839
4983.12703792
4983.12706885
4983.1271065
4983.12713919
4983.12717436
4983.12720806
4983.12723328
4983.12725848
4983.12727609
4983.12728172
4983.12728262
4983.12728025
4983.12727465
4983.12726446
4983.12724398
4983.12721951
4983.12718863
4983.12716186
4983.12712974
4983.12710363
4958.24513122
4958.24511852
4958.24510654
4958.24509657
4958.24508455
4958.24507876
4958.24507344
4958.24506919
4958.24507193
4958.24508083
4958.24509185
4958.24510861
4958.24512163
4958.24513787
4958.2451589
4958.24517973
4958.24520293
4958.24522159
4958.24523942
4958.24524774
4958.24525877
4958.24526067
4958.24526194
4958.24526059
4958.24525896
4958.24525396
4958.24523715
4958.24522039
4958.24520127
4958.24518059
4958.24516156
4958.24514919
4932.38142651
4932.38141694
4932.38141025
4932.38140278
4932.38139857
4932.38139527
4932.38139502
4932.38139486
4932.38139543
4932.38139926
4932.38140804
4932.38141278
4932.38141972
4932.38142246
4932.38143002
4932.381438
4932.38144663
4932.38146008
4932.38147484
4932.38148548
4932.38149285
4932.38149967
4932.38149651
4932.38149292
4932.38148447
4932.38147089
4932.38146341
4932.38145446
4932.38144765
4932.38144578
4932.38143908
4932.381434
4905.49717776
4905.49717379
4905.49717609
4905.49717669
4905.49717428
4905.49717739
4905.49718073
4905.49718224
4905.4971757
4905.49717425
4905.4971733
4905.49717381
4905.49717294
4905.49717821
4905.49718731
4905.49719312
4905.49719562
4905.4971993
4905.49720145
4905.49720385
4905.49719979
4905.49720087
4905.49720507
4905.4972025
4905.49719959
4905.49719745
4905.49719246
4905.49719281
4905.49719019
4905.4971895
4905.49718577
4905.49718176
4877.55214271
4877.55214708
4877.55214862
4877.55214358
4877.55214404
4877.55213808
4877.55214078
4877.55214436
4877.55214675
4877.55215138
4877.55215697
4877.55215956
4877.55216085
4877.5521641
4877.55216577
4877.55216406
4877.55215648
4877.55215024
4877.55214766
4877.55214579
4877.55214005
4877.55214077
4877.55214684
4877.55214937
4877.55214925
4877.55215301
4877.55215812
4877.55215458
4877.55215009
4877.55214265
4877.55214217
4877.55214275
4848.50446554
4848.50446598
4848.50447165
4848.5044793
4848.50447952
4848.50448481
4848.50449247
4848.50449935
4848.50450234
4848.50451307
4848.50452559
4848.50453003
4848.50453104
4848.50452691
4848.5045213
4848.50451344
4848.50449978
4848.50449089
4848.50449058
4848.50448564
4848.50448086
4848.50447877
4848.50448291
4848.50447844
4848.50447758
4848.50447576
4848.50447543
4848.50447719
4848.50447686
4848.5044752
4848.5044706
4848.50446525
4818.31067441
4818.31067604
4818.31067509
4818.31067486
4818.3106734
4818.31067467
4818.31067923
4818.31068538
4818.31069355
4818.31070191
4818.31070448
4818.31070834
4818.31070894
4818.31070358
4818.31069821
4818.31068865
4818.31068159
4818.31067699
4818.31067771
4818.31068093
4818.3106793
4818.31068126
4818.31068477
4818.3106853
4818.31068609
4818.31068931
4818.3106926
4818.31069089
4818.31068868
4818.31068208
4818.31067938
4818.31067725
4786.92549881
4786.92549909
4786.92549843
4786.92550151
4786.92550487
4786.92550387
4786.92550442
4786.92550494
4786.92551007
4786.92551788
4786.92551941
4786.92552153
4786.92552047
4786.92551329
4786.92550887
4786.92550733
4786.92550618
4786.92550842
4786.9255051
4786.92550355
4786.92550547
4786.92550874
4786.92551555
4786.92552295
4786.92552577
4786.92552331
4786.92551709
4786.92550871
4786.92550474
4786.92550107
4786.92549806
4786.92549594
4754.30194137
4754.30194531
4754.30195029
4754.30195537
4754.30196032
4754.30196523
4754.30196165
4754.30196073
4754.30196147
4754.301957
4754.30195405
4754.30195141
4754.30194919
4754.30194458
4754.30193809
4754.30193036
4754.30192533
4754.30191977
4754.30191572
4754.3019136
4754.30191635
4754.30191803
4754.30191847
4754.30192495
4754.30193167
4754.30193869
4754.30193888
4754.30193986
4754.30193865
4754.3019361
4754.30193596
4754.30193654
4720.39116197
4720.39116508
4720.39116619
4720.39116267
4720.39116149
4720.39115918
4720.39115544
4720.39115291
4720.39114868
4720.39114212
4720.3911352
4720.39113135
4720.39113283
4720.39113449
4720.39113416
4720.39113495
4720.39113633
4720.39113649
4720.3911361
4720.39113764
4720.39113635
4720.39113313
4720.39112682
4720.39112088
4720.39112188
4720.39112233
4720.39112422
4720.3911301
4720.39113695
4720.39114404
4720.39114881
4720.39115733
4685.14232381
4685.14232396
4685.14232347
4685.1423231
4685.14232201
4685.14231971
4685.14232052
4685.14232201
4685.14232196
4685.14232448
4685.14232312
4685.14231758
4685.14231054
4685.14230265
4685.14230181
4685.14230191
4685.14230319
4685.14230865
4685.14230861
4685.1423096
4685.14230781
4685.14230309
4685.142304
4685.1422992
4685.14229788
4685.14229945
4685.14230182
4685.14230897
4685.14231224
4685.14231784
4685.14232088
4685.14232114
4648.5026455
4648.50264313
4648.50264375
4648.50264286
4648.50264265
4648.50264306
4648.50264418
4648.50264499
4648.50264447
4648.50264621
4648.5026501
4648.50265235
4648.50265155
4648.50265109
4648.50264998
4648.50264709
4648.50264349
4648.50264177
4648.50264642
4648.50264837
4648.50264827
4648.50265198
4648.5026528
4648.50265358
4648.50265129
4648.50264826
4648.50264982
4648.50264791
4648.5026482
4648.50264918
4648.50264901
4648.50264874
4610.41727464
4610.41726974
4610.41726689
4610.41726638
4610.41726738
4610.41727094
4610.41727623
4610.41727984
4610.41728097
4610.41728309
4610.4172848
4610.41728735
4610.4172883
4610.41729094
4610.41729416
4610.41729376
4610.41729251
4610.41728994
4610.41728749
4610.41728394
4610.41727856
4610.41727361
4610.41727024
4610.41726554
4610.41726412
4610.41726433
4610.41726585
4610.41727065
4610.41727474
4610.41727844
4610.41727871
4610.41727664
4570.82917324
4570.8291773
4570.82917856
4570.82918095
4570.82918299
4570.82918204
4570.82917788
4570.82917233
4570.82916654
4570.82915911
4570.8291551
4570.82915155
4570.82914844
4570.82914759
4570.82914764
4570.82914625
4570.82914532
4570.82914558
4570.82914649
4570.82914969
4570.82915299
4570.82915485
4570.82915255
4570.82914861
4570.82914471
4570.82913945
4570.82913841
4570.8291399
4570.82914551
4570.82915362
4570.8291596
4570.82916654
4529.67900375
4529.67900856
4529.67901088
4529.67901014
4529.67900603
4529.67899888
4529.67899323
4529.67898538
4529.67897825
4529.67897382
4529.67897087
4529.67896948
4529.67896886
4529.67897019
4529.67897078
4529.67897235
4529.67897336
4529.67897204
4529.67896921
4529.67896314
4529.67895642
4529.67894925
4529.67894675
4529.6789452
4529.67894573
4529.67895184
4529.67895857
4529.67896731
4529.67897532
4529.6789834
4529.67899049
4529.67899758
4486.90514685
4486.90514763
4486.90514992
4486.90514705
4486.90514127
4486.90514086
4486.90514545
4486.90514621
4486.90514092
4486.90513708
4486.90513684
4486.90513072
4486.90512286
4486.90512193
4486.90512814
4486.90513289
4486.90513233
4486.90513547
4486.90513941
4486.90513676
4486.90512996
4486.90512514
4486.9051235
4486.90511882
4486.90511336
4486.90511108
4486.90511441
4486.90511723
4486.90511966
4486.90512787
4486.90513917
4486.90514686
4442.44352372
4442.44352111
4442.44351592
4442.44351242
4442.44351235
4442.44351005
4442.44350761
4442.44350917
4442.44351097
4442.44351353
4442.44351577
4442.44351759
4442.44351911
4442.44352104
4442.44352469
4442.44352819
4442.44353013
4442.44353269
4442.44353504
4442.44353444
4442.44353225
4442.44353037
4442.44352997
4442.44352926
4442.44352857
4442.44352908
4442.44352842
4442.44352741
4442.44352837
4442.44352716
4442.44352326
4442.443522
4396.22759595
4396.22759587
4396.2275967
4396.2275925
4396.22758326
4396.22757396
4396.22756824
4396.22755802
4396.22754847
4396.22754388
4396.22754614
4396.22754917
4396.22754968
4396.22755604
4396.22756693
4396.22757414
4396.22757492
4396.2275805
4396.22758863
4396.22758935
4396.22758213
4396.22757706
4396.22757682
4396.22757123
4396.22756467
4396.2275658
4396.22757226
4396.22757863
4396.22758124
4396.22758725
4396.22759517
4396.2275979
4348.1881024
4348.18810641
4348.1881063
4348.18810844
4348.18811203
4348.18811181
4348.1881085
4348.18810695
4348.18810508
4348.18810224
4348.18810064
4348.18809881
4348.18809763
4348.18809669
4348.18809682
4348.18809618
4348.18809597
4348.18809584
4348.18809469
4348.18809449
4348.18809375
4348.18809194
4348.1880895
4348.188086
4348.18808335
4348.18808056
4348.18807894
4348.18807948
4348.18808266
4348.18808718
4348.18808977
4348.18809471
4298.2531135
4298.25312264
4298.25312805
4298.25313439
4298.2531384
4298.25313805
4298.25313556
4298.25313145
4298.25312918
4298.25312693
4298.25312638
4298.2531286
4298.25313107
4298.25313395
4298.25313379
4298.25313192
4298.2531278
4298.25312055
4298.25311618
4298.2531104
4298.2531065
4298.25310637
4298.25310805
4298.25311045
4298.25311007
4298.25310956
4298.25310729
4298.25310271
4298.25310155
4298.25309995
4298.2531
4298.2531051
4246.34782591
4246.34782445
4246.34781901
4246.34781567
4246.34781592
4246.34781283
4246.34780835
4246.34780696
4246.34780723
4246.34780613
4246.34780491
4246.34780409
4246.34780272
4246.34780228
4246.34780453
4246.3478063
4246.34780676
4246.3478102
4246.34781326
4246.34781498
4246.34781595
4246.34781572
4246.34781368
4246.34781193
4246.34781363
4246.34781352
4246.34781181
4246.34781421
4246.34781939
4246.34782248
4246.34782155
4246.34782287
4192.39445562
4192.3944549
4192.3944538
4192.39445501
4192.39445699
4192.39445884
4192.394461
4192.39446305
4192.39446404
4192.39446513
4192.39446561
4192.39446462
4192.39446152
4192.39445762
4192.39445405
4192.39444866
4192.3944441
4192.39444042
4192.39444047
4192.39444127
4192.39444274
4192.39444764
4192.39445282
4192.39445813
4192.39446198
4192.39446516
4192.39446585
4192.39446507
4192.39446535
4192.39446226
4192.39445791
4192.39445542
4136.31225585
4136.3122521
4136.31225021
4136.31224897
4136.31224838
4136.31225088
4136.31225461
4136.31225863
4136.31226058
4136.31226239
4136.31226381
4136.31226238
4136.31226042
4136.31225875
4136.31225953
4136.31226075
4136.31226163
4136.31226543
4136.3122689
4136.31227142
4136.31227179
4136.31227131
4136.31226993
4136.31226704
4136.31226579
4136.31226405
4136.31226204
4136.31226207
4136.31226293
4136.31226274
4136.31226069
4136.31225855
4078.01720472
4078.01720186
4078.01720154
4078.01720175
4078.01720232
4078.01720527
4078.01720969
4078.01721377
4078.01721669
4078.01721972
4078.01722446
4078.01722626
4078.01722486
4078.01722452
4078.01722483
4078.0172219
4078.0172163
4078.01721157
4078.01720833
4078.01720357
4078.01720022
4078.01719888
4078.01720083
4078.0172037
4078.01720623
4078.01721062
4078.01721539
4078.01721777
4078.01721603
4078.01721438
4078.01721362
4078.01720937
4017.42200908
4017.4220121
4017.42201421
4017.4220165
4017.42201924
4017.42202043
4017.4220199
4017.42202042
4017.42202386
4017.42202528
4017.42202338
4017.42202376
4017.42202571
4017.4220238
4017.42201896
4017.42201509
4017.42201396
4017.42201064
4017.42200781
4017.42200793
4017.42200995
4017.42201231
4017.4220129
4017.42201498
4017.42201629
4017.42201512
4017.42201325
4017.42201035
4017.42200809
4017.42200631
4017.42200643
4017.42200766
3954.43584536
3954.43584815
3954.43585158
3954.43585421
3954.43585604
3954.43585836
3954.43586009
3954.43586092
3954.43586135
3954.43586069
3954.43585892
3954.4358574
3954.43585723
3954.43585613
3954.43585467
3954.43585491
3954.43585565
3954.43585643
3954.43585588
3954.43585566
3954.43585447
3954.4358518
3954.43584938
3954.43584574
3954.43584191
3954.43583901
3954.4358383
3954.43583778
3954.43583646
3954.43583771
3954.43584117
3954.43584368
3888.96440915
3888.9644104
3888.96441152
3888.96441393
3888.96441531
3888.96441634
3888.96441747
3888.96441692
3888.96441361
3888.96441087
3888.96441075
3888.96440797
3888.96440315
3888.96440178
3888.96440401
3888.96440473
3888.96440491
3888.9644079
3888.96441121
3888.96441393
3888.96441701
3888.96441905
3888.96441827
3888.96441828
3888.9644193
3888.96441787
3888.96441325
3888.96441103
3888.96441121
3888.96440942
3888.96440707
3888.964407
3820.90964228
3820.90964178
3820.90964022
3820.90963975
3820.90964178
3820.90964265
3820.90964127
3820.90964318
3820.9096496
3820.90965277
3820.9096521
3820.90965446
3820.90965972
3820.90965982
3820.90965495
3820.90965294
3820.90965251
3820.90964817
3820.90964285
3820.90963914
3820.90963647
3820.90963377
3820.9096332
3820.90963314
3820.90963244
3820.90963399
3820.90963718
3820.9096392
3820.90963973
3820.9096414
3820.90964254
3820.90964248
3750.16961299
3750.16961483
3750.1696165
3750.16961854
3750.16961958
3750.16962078
3750.16962248
3750.1696232
3750.16962306
3750.16962367
3750.16962515
3750.1696259
3750.16962697
3750.16962844
3750.16962931
3750.16963043
3750.16963213
3750.16963245
3750.16963095
3750.16962992
3750.16962906
3750.16962667
3750.16962326
3750.16962028
3750.16961753
3750.16961478
3750.16961201
3750.16961002
3750.16960999
3750.16960973
3750.16960976
3750.16961095
3676.63841437
3676.63841235
3676.6384073
3676.63840204
3676.63839766
3676.63839096
3676.63838563
3676.63838099
3676.63837741
3676.6383761
3676.63837725
3676.63837926
3676.63837908
3676.63838192
3676.63838556
3676.63838701
3676.63838506
3676.6383842
3676.63838417
3676.63838153
3676.63837792
3676.63837613
3676.638377
3676.63837755
3676.6383795
3676.63838389
3676.6383882
3676.63839414
3676.63840113
3676.63840704
3676.63840921
3676.63841166
3600.20581988
3600.20582024
3600.2058241
3600.20582667
3600.20582634
3600.20582913
3600.20583258
3600.20583305
3600.20583024
3600.20582795
3600.20582568
3600.20582103
3600.20581605
3600.20581178
3600.20580969
3600.20580796
3600.20580731
3600.20580918
3600.20581269
3600.20581729
3600.20582098
3600.20582607
3600.20583069
3600.20583388
3600.20583512
3600.20583506
3600.20583488
3600.20583223
3600.20582896
3600.2058252
3600.20582439
3600.20582231
3520.75743366
3520.75742803
3520.75742166
3520.75741655
3520.75741331
3520.75740979
3520.75740648
3520.75740532
3520.75740597
3520.75740745
3520.75741006
3520.75741408
3520.75741841
3520.75742386
3520.75742942
3520.7574353
3520.75744048
3520.75744573
3520.757451
3520.75745542
3520.75745791
3520.75746075
3520.75746427
3520.75746532
3520.75746357
3520.75746262
3520.75746228
3520.75745912
3520.75745399
3520.75744945
3520.75744491
3520.75743905
3438.17426659
3438.17426517
3438.17426255
3438.17425896
3438.17425445
3438.17424948
3438.17424545
3438.17424088
3438.17423623
3438.17423283
3438.17423095
3438.17422916
3438.17422709
3438.17422667
3438.17422804
3438.17422897
3438.17422889
3438.1742306
3438.17423373
3438.17423554
3438.17423681
3438.17423903
3438.17424115
3438.17424319
3438.1742467
3438.17424985
3438.17425155
3438.17425518
3438.17426006
3438.17426329
3438.17426415
3438.1742658
3352.33256005
3352.33255625
3352.33255172
3352.33254916
3352.33254868
3352.33254778
3352.33254561
3352.3325459
3352.33254861
3352.33254998
3352.33255014
3352.33255263
3352.33255703
3352.33256018
3352.3325624
3352.33256625
3352.33257072
3352.3325743
3352.33257741
3352.33258075
3352.33258338
3352.33258564
3352.3325877
3352.3325885
3352.33258766
3352.33258666
3352.33258496
3352.33258186
3352.33257769
3352.33257335
3352.33256854
3352.33256365
3263.1037382
3263.1037402
3263.10374304
3263.10374528
3263.10374736
3263.10374973
3263.10375199
3263.10375382
3263.10375578
3263.10375708
3263.10375798
3263.10375869
3263.10375897
3263.10375876
3263.10375872
3263.10375778
3263.10375578
3263.1037541
3263.10375308
3263.10375099
3263.10374739
3263.10374514
3263.10374415
3263.10374212
3263.10373854
3263.10373703
3263.10373712
3263.10373623
3263.1037345
3263.1037346
3263.10373644
3263.10373756
3170.35419426
3170.35419978
3170.3542056
3170.35421125
3170.35421603
3170.35422091
3170.35422533
3170.35422861
3170.35423007
3170.35423098
3170.35423131
3170.35422965
3170.35422647
3170.35422269
3170.35421854
3170.35421328
3170.35420763
3170.354202
3170.35419684
3170.35419166
3170.35418672
3170.35418258
3170.35417972
3170.35417718
3170.35417499
3170.35417427
3170.35417497
3170.35417622
3170.3541778
3170.35418091
3170.35418511
3170.35418971
3073.9450434
3073.94504861
3073.94505433
3073.94505924
3073.94506233
3073.94506586
3073.94506962
3073.94507145
3073.94507097
3073.94507062
3073.94507025
3073.94506775
3073.94506385
3073.94505987
3073.94505567
3073.94505044
3073.94504558
3073.94504044
3073.94503477
3073.94502994
3073.94502692
3073.94502359
3073.94501978
3073.94501821
3073.945019
3073.94501932
3073.94501962
3073.94502207
3073.94502563
3073.94502942
3073.94503372
3073.9450388
2973.73181132
2973.73180652
2973.73180242
2973.7317972
2973.73179201
2973.73178745
2973.73178351
2973.73177987
2973.73177741
2973.73177552
2973.73177411
2973.73177392
2973.73177537
2973.73177705
2973.73177854
2973.73178172
2973.7317865
2973.73179095
2973.7317943
2973.73179929
2973.73180534
2973.73181019
2973.73181333
2973.73181737
2973.73182122
2973.73182346
2973.73182434
2973.73182473
2973.73182387
2973.73182191
2973.73181974
2973.73181614
2869.5645016
2869.56449769
2869.56449506
2869.5644918
2869.56448786
2869.56448554
2869.56448569
2869.56448513
2869.56448439
2869.56448593
2869.5644895
2869.56449271
2869.56449605
2869.56450075
2869.56450567
2869.56451044
2869.56451476
2869.56451894
2869.56452206
2869.56452484
2869.56452662
2869.56452765
2869.56452795
2869.56452741
2869.5645261
2869.56452429
2869.56452224
2869.5645195
2869.56451618
2869.56451273
2869.56450951
2869.56450582
2761.28703923
2761.28703807
2761.28703619
2761.28703486
2761.28703421
2761.28703286
2761.28703128
2761.28703023
2761.2870294
2761.28702856
2761.28702823
2761.28702804
2761.28702761
2761.28702782
2761.28702895
2761.28702974
2761.28703007
2761.2870313
2761.28703308
2761.28703447
2761.28703517
2761.28703662
2761.28703812
2761.28703913
2761.28704005
2761.28704097
2761.28704133
2761.28704145
2761.28704187
2761.28704156
2761.28704048
2761.28703958
2648.73722925
2648.73723412
2648.7372385
2648.7372436
2648.73724822
2648.73725253
2648.73725607
2648.73725904
2648.73726045
2648.73726112
2648.73726137
2648.73725997
2648.73725674
2648.73725327
2648.73725072
2648.73724624
2648.73724037
2648.73723539
2648.73723254
2648.73722798
2648.73722278
2648.73721924
2648.7372178
2648.73721549
2648.7372131
2648.73721243
2648.73721296
2648.7372138
2648.73721532
2648.73721796
2648.73722083
2648.73722477
2531.74651834
2531.74651679
2531.74651727
2531.74651553
2531.74651251
2531.74651126
2531.74651147
2531.7465106
2531.74650944
2531.74650954
2531.7465102
2531.74651082
2531.74651182
2531.74651321
2531.74651406
2531.74651557
2531.74651768
2531.74651924
2531.74651982
2531.74652121
2531.74652262
2531.74652342
2531.74652419
2531.74652488
2531.74652427
2531.7465242
2531.74652565
2531.74652535
2531.74652279
2531.7465218
2531.74652307
2531.74652171
2410.13966226
2410.13966171
2410.13966113
2410.13966083
2410.13966009
2410.13965953
2410.13965981
2410.13965953
2410.13965828
2410.13965806
2410.13965909
2410.13965907
2410.13965797
2410.13965821
2410.13965952
2410.13965985
2410.13965931
2410.13965984
2410.13966087
2410.13966122
2410.1396614
2410.13966191
2410.13966208
2410.13966224
2410.13966302
2410.13966328
2410.13966256
2410.13966251
2410.13966342
2410.13966322
2410.13966218
2410.13966195
2283.73460977
2283.7346102
2283.73461159
2283.73461183
2283.73461147
2283.73461195
2283.73461257
2283.7346127
2283.73461287
2283.73461311
2283.73461304
2283.73461299
2283.73461325
2283.7346131
2283.73461261
2283.73461237
2283.7346125
2283.73461212
2283.73461176
2283.73461155
2283.734611
2283.73461058
2283.73461115
2283.73461107
2283.73460956
2283.73460934
2283.73461098
2283.73461098
2283.73460905
2283.73460915
2283.73461099
2283.73461109
2152.34197188
2152.34197197
2152.34197294
2152.34197321
2152.34197217
2152.34197212
2152.34197349
2152.34197349
2152.34197198
2152.34197189
2152.34197307
2152.34197281
2152.34197136
2152.34197125
2152.34197196
2152.34197156
2152.34197056
2152.34197044
2152.34197067
2152.34197046
2152.34197022
2152.34197017
2152.34196996
2152.34197
2152.34197051
2152.34197063
2152.34197036
2152.34197059
2152.34197121
2152.34197137
2152.34197162
2152.34197197
2015.7650157
2015.76501551
2015.76501562
2015.76501545
2015.76501509
2015.76501497
2015.76501496
2015.76501497
2015.76501515
2015.76501527
2015.765015
2015.76501504
2015.76501591
2015.76501615
2015.76501554
2015.76501569
2015.76501684
2015.76501702
2015.76501639
2015.76501658
2015.76501721
2015.76501725
2015.76501703
2015.76501711
2015.76501707
2015.76501696
2015.76501703
2015.76501691
2015.76501645
2015.76501627
2015.76501643
2015.76501623
1873.79900654
1873.79900666
1873.79900678
1873.79900674
1873.79900684
1873.79900681
1873.79900642
1873.79900628
1873.79900661
1873.79900647
1873.79900582
1873.79900565
1873.79900592
1873.79900574
1873.7990053
1873.7990052
1873.79900525
1873.79900515
1873.79900511
1873.79900513
1873.79900503
1873.79900506
1873.79900535
1873.79900549
1873.79900533
1873.79900546
1873.79900595
1873.79900613
1873.79900594
1873.79900611
1873.79900657
1873.79900667
1726.23162921
1726.23162898
1726.23162857
1726.23162862
1726.23162861
1726.2316286
1726.23162915
1726.2316293
1726.23162883
1726.23162897
1726.23162987
1726.23163002
1726.23162964
1726.23162989
1726.2316305
1726.23163061
1726.23163053
1726.23163073
1726.23163091
1726.23163092
1726.231631
1726.23163101
1726.23163078
1726.23163064
1726.23163077
1726.23163061
1726.23162994
1726.23162973
1726.23163009
1726.23162978
1726.23162889
1726.2316288
1572.84151004
1572.84151016
1572.84151125
1572.84151136
1572.84151043
1572.84151044
1572.84151127
1572.84151115
1572.84151038
1572.84151028
1572.84151027
1572.84150993
1572.84150974
1572.84150959
1572.84150887
1572.84150859
1572.84150896
1572.84150882
1572.84150793
1572.84150786
1572.84150849
1572.84150847
1572.84150796
1572.84150813
1572.84150867
1572.8415088
1572.84150892
1572.84150923
1572.84150937
1572.84150954
1572.84151028
1572.84151058
1413.39942138
1413.39942109
1413.39942113
1413.39942099
1413.39942044
1413.3994203
1413.3994209
1413.39942099
1413.39942028
1413.39942043
1413.39942148
1413.39942172
1413.39942121
1413.39942154
1413.39942265
1413.39942296
1413.39942254
1413.39942279
1413.39942393
1413.39942416
1413.39942326
1413.3994233
1413.39942442
1413.39942437
1413.39942316
1413.39942307
1413.39942379
1413.39942344
1413.39942248
1413.39942224
1413.39942227
1413.3994219
1247.66583619
1247.6658364
1247.66583754
1247.6658378
1247.66583698
1247.66583705
1247.66583834
1247.66583846
1247.66583719
1247.66583721
1247.66583856
1247.66583839
1247.66583691
1247.66583676
1247.66583781
1247.66583761
1247.6658362
1247.66583589
1247.665837
1247.6658369
1247.66583517
1247.66583496
1247.66583661
1247.66583657
1247.66583464
1247.66583472
1247.66583662
1247.66583661
1247.66583512
1247.6658354
1247.66583687
1247.66583701
1075.39335424
1075.39335416
1075.39335387
1075.39335385
1075.39335371
1075.39335355
1075.39335403
1075.39335405
1075.39335289
1075.3933527
1075.39335415
1075.3933542
1075.39335239
1075.3933523
1075.39335398
1075.39335396
1075.39335253
1075.39335266
1075.39335373
1075.39335367
1075.39335309
1075.39335332
1075.39335371
1075.39335368
1075.39335369
1075.39335383
1075.39335381
1075.39335384
1075.39335413
1075.39335416
1075.39335386
1075.39335388
896.323464517
896.323464469
896.323464965
896.323464947
896.323464356
896.323464349
896.323465113
896.323465155
896.323464147
896.323464134
896.323465505
896.323465622
896.323464121
896.323464106
896.323465826
896.323465922
896.323464331
896.323464395
896.323465989
896.323465975
896.323464529
896.323464599
896.323465956
896.323465841
896.323464554
896.323464577
896.323465648
896.323465577
896.323464571
896.323464511
896.323465224
896.323465183
710.188017066
710.188017133
710.188018033
710.188018041
710.188017235
710.188017201
710.188018067
710.188018165
710.188017256
710.188017202
710.188018184
710.188018163
710.188017119
710.18801715
710.188018131
710.188018041
710.188017084
710.188017103
710.188017949
710.188017927
710.188017035
710.188016964
710.188017908
710.188017987
710.188016928
710.188016889
710.18801806
710.188018073
710.188016904
710.188016971
710.188018117
710.188018061
516.708238253
516.708238231
516.708238027
516.708238052
516.70823814
516.708238103
516.708238036
516.708238039
516.708238097
516.708238094
516.708238039
516.708238029
516.708238042
516.708238049
516.708238055
516.708238038
516.708238043
516.708238062
516.708237975
516.708237954
516.708238191
516.708238219
516.708237799
516.708237789
516.708238414
516.708238431
516.708237713
516.708237721
516.708238434
516.708238418
516.708237857
516.708237877
315.595594188
315.59559404
315.595593608
315.595593749
315.595593709
315.595593598
315.595593943
315.595594001
315.595593564
315.595593568
315.595593914
315.59559386
315.59559367
315.595593766
315.59559374
315.595593648
315.595593956
315.595594065
315.595593513
315.59559341
315.595594246
315.59559433
315.595593172
315.595593102
315.59559455
315.59559458
315.595592943
315.595592957
315.595594586
315.595594522
315.59559313
315.595593238
106.546342536
106.546342443
106.546341677
106.546341816
106.546342278
106.54634215
106.546342019
106.546342092
106.546341915
106.546341902
106.546342301
106.54634226
106.54634173
106.54634177
106.546342328
106.546342305
106.546341767
106.546341777
106.546342287
106.54634229
106.546341893
106.546341913
106.546342106
106.546342035
106.546342123
106.546342224
106.546341814
106.546341723
106.546342459
106.546342509
106.546341563
106.54634158
)
;

boundaryField
{
    top
    {
        type            fixedValue;
        value           uniform 0;
    }
    ground
    {
        type            fixedFluxPressure;
        gradient        nonuniform List<scalar> 
32
(
-2399.61024183
-12736.9946305
-1936.39355863
-402.392189688
-294.391113226
-7799.17800904
5572.36505998
9703.07137789
90598.5175228
9918.02750455
16498.0293598
12505.5310961
4739.40868171
450.536745762
-133.878359418
-16817.6386662
-3598.84173954
-654.986830844
1611.9430468
2140.56210081
2821.23553981
-1685.74406102
35.4384065862
8234.73355514
4277.63658228
-12323.4232449
5654.27476029
-2302.85888796
-55440.7888714
2263.39886808
17293.4725576
9805.82929931
)
;
        value           nonuniform List<scalar> 
32
(
6424.74072172
6099.29149258
5901.44812208
5757.89123649
5691.01787159
5743.18780455
6204.06852578
6588.67731379
7473.56285023
6822.7218404
6401.9927048
6157.80392601
6012.87352362
6004.14989085
6037.58167608
6039.07177847
6166.2532446
6292.08077009
6531.11208022
6564.76726431
6627.1945497
6686.30129995
6895.77963629
7012.85706438
7750.40831836
8559.81727352
9599.22992781
10707.3896843
11096.965023
9500.29238437
7822.21258488
6897.22733627
)
;
    }
    inlet
    {
        type            cyclic;
    }
    outlet
    {
        type            cyclic;
    }
    front
    {
        type            cyclic;
    }
    back
    {
        type            cyclic;
    }
}


// ************************************************************************* //
