/*--------------------------------*- C++ -*----------------------------------*\
| =========                 |                                                 |
| \\      /  F ield         | OpenFOAM: The Open Source CFD Toolbox           |
|  \\    /   O peration     | Version:  v2012                                 |
|   \\  /    A nd           | Website:  www.openfoam.com                      |
|    \\/     M anipulation  |                                                 |
\*---------------------------------------------------------------------------*/
FoamFile
{
    version     2.0;
    format      ascii;
    class       volScalarField;
    location    "50000";
    object      p;
}
// * * * * * * * * * * * * * * * * * * * * * * * * * * * * * * * * * * * * * //

dimensions      [0 2 -2 0 0 0 0];


internalField   nonuniform List<scalar> 
3200
(
-2.80706851324e-07
-1.40516396128e-08
2.22485842897e-07
1.37024025897e-07
4.35255166202e-08
1.9637984773e-08
1.95001548036e-08
1.10602276083e-08
1.3841087827e-08
1.21747612824e-07
1.47658979906e-07
1.85459301611e-08
4.70015836838e-09
-9.53200089656e-08
-1.86088045525e-07
-1.54457997938e-07
-1.59241268723e-07
-1.88621231641e-07
-3.4511079526e-07
-4.05369831557e-07
-4.4422417596e-07
-5.81117581575e-07
-6.14682513802e-07
-5.94654694223e-07
-5.34659671586e-07
-4.75317827998e-07
-4.1436478641e-07
-3.8037036631e-07
-4.04398645394e-07
-4.17557281231e-07
-4.45202970073e-07
-4.08070521407e-07
-3.17924010878e-07
1.65437344052e-09
2.71666955451e-07
1.2498145801e-07
3.27046417324e-08
2.47028120701e-08
6.62391654268e-09
-2.46047372133e-08
4.11146928007e-09
1.48124554286e-07
1.41012028302e-07
5.2007475448e-08
1.98380865304e-08
-1.25982673296e-07
-1.99531447691e-07
-1.43389180469e-07
-1.31882894849e-07
-1.68296245142e-07
-3.66666450717e-07
-4.0438463225e-07
-4.16877129688e-07
-6.09076014821e-07
-6.4324242204e-07
-6.12459992489e-07
-5.41289384785e-07
-4.77423609629e-07
-3.88736318217e-07
-3.29220046374e-07
-3.92604909862e-07
-4.25564382235e-07
-4.60794544499e-07
-4.42890544525e-07
-3.3518081978e-07
3.38692480364e-08
3.36656546144e-07
1.39745745874e-07
4.87001355675e-08
5.77566028822e-08
-2.73591274996e-09
-9.50117220645e-08
-2.34835768957e-08
1.45991967521e-07
1.02374924144e-07
8.55464833637e-08
9.07568675035e-08
-1.71423643536e-07
-2.4554567627e-07
-1.37083882495e-07
-1.19618728287e-07
-1.70570257007e-07
-3.48160768215e-07
-3.90783755901e-07
-4.11049942523e-07
-6.52140783962e-07
-7.05002654673e-07
-6.46807275814e-07
-5.51135410141e-07
-4.73223972483e-07
-3.31871555999e-07
-2.53426189761e-07
-3.88568902647e-07
-4.52195147988e-07
-4.51801967626e-07
-4.55969801839e-07
-3.23013262189e-07
7.14055511349e-08
3.67504623876e-07
1.71995832972e-07
8.66776790759e-08
7.61587880543e-08
-5.30153437728e-08
-1.42074952553e-07
-7.64287434267e-08
1.05738309605e-07
1.05835873482e-07
1.30613034912e-07
1.32146729929e-07
-2.38494316541e-07
-2.70710277435e-07
-1.23166983359e-07
-1.22381965977e-07
-1.77268744243e-07
-3.29506704113e-07
-3.64834735936e-07
-3.95385322099e-07
-6.73138494078e-07
-7.65808126152e-07
-6.84467214001e-07
-5.51664695868e-07
-4.5367158547e-07
-2.81622575338e-07
-2.10218957593e-07
-3.83110362641e-07
-4.59045219156e-07
-4.36946153243e-07
-4.75920419529e-07
-2.48325237086e-07
1.83717243672e-07
3.0977368196e-07
1.90117691295e-07
1.58214196746e-07
1.09507173126e-07
-6.13166675925e-08
-2.12143008384e-07
-1.23080450021e-07
1.3673032122e-07
9.4876878396e-08
1.56719351088e-07
1.19005404618e-07
-2.78200583452e-07
-2.55911625808e-07
-9.73166849145e-08
-1.27956355669e-07
-1.86928571837e-07
-3.19999670476e-07
-3.18084069684e-07
-4.58960248499e-07
-7.54166464087e-07
-7.5353568663e-07
-6.86667677327e-07
-5.67504191937e-07
-4.26979414849e-07
-3.10021344869e-07
-2.47449747086e-07
-3.51955011763e-07
-4.94333706885e-07
-4.65814250205e-07
-4.69092149769e-07
-2.21691757569e-07
2.47271253854e-07
3.32901675809e-07
2.42683019559e-07
2.30760565311e-07
1.19238620155e-07
-1.0010937805e-07
-3.12358623382e-07
-1.66357609057e-07
1.1945783112e-07
1.15638810041e-07
1.2344459054e-07
7.53426530604e-08
-2.030620682e-07
-2.21937703434e-07
-1.47279432741e-07
-1.33279245943e-07
-1.57845309042e-07
-2.56288225782e-07
-2.86261519799e-07
-5.59037112285e-07
-7.62939911426e-07
-7.68954813946e-07
-7.41702110073e-07
-5.7933401624e-07
-3.54073750987e-07
-2.57879998567e-07
-2.7824489856e-07
-3.55596255413e-07
-5.5409505436e-07
-5.1760450211e-07
-4.44254096048e-07
-2.19557991547e-07
2.15890952858e-07
3.42550610977e-07
1.8004968668e-07
1.5395920114e-07
2.4592487517e-07
-4.64085400418e-08
-3.75196220596e-07
-1.77595892131e-07
6.26240773103e-08
1.14946277905e-08
1.47888190663e-07
1.23039155166e-07
-1.34002358919e-07
-2.00745583865e-07
-2.1684922991e-07
-1.73718254857e-07
-1.49405943451e-07
-1.7755698888e-07
-2.59232238674e-07
-5.32485852665e-07
-8.18680234414e-07
-8.73172076801e-07
-7.36502068437e-07
-5.80584572707e-07
-3.39221851948e-07
-2.27670427708e-07
-2.49025771075e-07
-3.51648995081e-07
-5.54977243976e-07
-5.52665453324e-07
-4.22656216851e-07
-1.99655614646e-07
1.89594417881e-07
2.45163708663e-07
1.23321519209e-07
2.04939489899e-07
2.02042535934e-07
-3.61390536237e-08
-2.60901924588e-07
-1.28356085324e-07
4.05150441901e-09
-2.13032293871e-08
1.51077687082e-07
1.64909776843e-07
-3.28665910455e-08
-1.46597750553e-07
-2.79321242774e-07
-2.04784650361e-07
-1.62750523351e-07
-2.80456405953e-07
-3.41961000106e-07
-4.78299491976e-07
-8.37344007648e-07
-9.00917816602e-07
-7.28439199103e-07
-5.25385190818e-07
-2.80189611756e-07
-2.1421259868e-07
-2.71365627984e-07
-3.2976168493e-07
-5.77193882141e-07
-6.17807878294e-07
-4.22400633509e-07
-1.08412085748e-07
2.22653241337e-07
9.92662562045e-08
9.61348938287e-08
2.62158044878e-07
1.1164407152e-07
-5.1069907436e-08
-1.31361929578e-07
-7.63736058357e-08
-3.29791646251e-08
-5.86154446223e-08
1.10463318922e-07
1.97599600966e-07
9.05655770196e-08
-7.07874213893e-08
-2.94121608066e-07
-2.37008985881e-07
-1.92351440055e-07
-5.13664404941e-07
-5.49142952528e-07
-4.69665957061e-07
-7.40614061999e-07
-8.46718851776e-07
-7.14288056856e-07
-5.05381479779e-07
-2.62373925102e-07
-1.84653153705e-07
-1.39872887634e-07
-4.06485275269e-07
-6.66125710266e-07
-6.17234588701e-07
-4.13439310748e-07
-6.07107608476e-08
2.79415859549e-07
4.37651420779e-08
4.45637483205e-08
2.38507102666e-07
9.65474853128e-08
-1.47460096747e-08
3.2183379638e-08
-1.74684704975e-08
-3.38903938694e-08
-6.23745402368e-08
4.11347381303e-08
1.76006953e-07
9.48443921306e-08
2.29655772542e-08
-2.28418368514e-07
-3.31415033723e-07
-3.9670901201e-07
-7.07307072984e-07
-5.73253109018e-07
-3.30861097784e-07
-6.65227946428e-07
-7.93135684243e-07
-7.02771255806e-07
-5.016523322e-07
-2.28310483294e-07
-2.10513530696e-07
-9.74100787244e-08
-3.24325590613e-07
-7.52659301853e-07
-6.98996042706e-07
-4.77554484922e-07
-2.5614452096e-08
3.20507301477e-07
-1.23130305921e-08
-4.22785601843e-08
1.44278534577e-07
1.72114161559e-07
6.04031031577e-08
1.36604942473e-07
1.36858129791e-07
5.32181569118e-09
-3.51339076182e-08
3.50181145138e-08
9.10642771936e-08
-8.85246755968e-08
-4.03144577964e-08
-8.32420920839e-08
-3.25221506527e-07
-5.45064516634e-07
-8.21989233523e-07
-5.85578850448e-07
-1.90750829478e-07
-5.41674814817e-07
-7.14102627881e-07
-7.04117439118e-07
-5.38274729399e-07
-2.35930127532e-07
-2.21016706593e-07
-1.19615009782e-07
-1.56579694641e-07
-8.38370872368e-07
-8.482387708e-07
-5.27762047893e-07
-4.28728911058e-08
4.48299690535e-07
-2.24521389739e-08
-1.44224552191e-07
6.49027578937e-08
1.79662863606e-07
1.26007870366e-07
1.42450168184e-07
2.45593042108e-07
1.24740068305e-07
-3.20242892485e-08
-7.81368946453e-08
-9.08169747335e-08
-2.78607838215e-07
-9.67427099661e-08
-1.02680247092e-07
-3.33518714847e-07
-5.65835969929e-07
-8.73943175489e-07
-5.38103821521e-07
-1.68643172648e-07
-4.52923436188e-07
-5.93394882784e-07
-5.50676322073e-07
-4.84398091729e-07
-3.34034829926e-07
-2.79131391419e-07
-1.06885354286e-07
-6.15366116187e-08
-8.17819075221e-07
-9.22926482305e-07
-5.86222890804e-07
-1.13148158968e-07
4.44324566856e-07
1.32828219611e-08
-1.93734540178e-07
-2.67931716375e-09
1.28826349655e-07
2.34327686445e-07
1.96001176432e-07
2.92287141291e-07
2.18716375547e-07
-6.36366469029e-08
-1.49270865731e-07
-2.76585449653e-07
-4.23250660649e-07
-1.57852044931e-07
-1.66660944139e-07
-4.31001802207e-07
-5.95749057812e-07
-7.63086802943e-07
-4.31802334179e-07
-2.17885016729e-07
-3.83066648574e-07
-3.87595902229e-07
-3.64641295604e-07
-4.61664739889e-07
-3.31380970631e-07
-3.34919408017e-07
-1.93641349891e-07
-6.51614966678e-08
-6.93584393389e-07
-8.98668362543e-07
-6.42946469081e-07
-4.75994954417e-08
4.09176125504e-07
3.22750585492e-08
-2.10058065496e-07
-1.18265274908e-07
2.87668203962e-08
2.36046270258e-07
2.30201653647e-07
3.02126701298e-07
3.33664788076e-07
-1.18697309516e-08
-3.35508562342e-07
-4.24377855533e-07
-3.93011521742e-07
-2.24737490286e-07
-2.60194661399e-07
-4.78444656393e-07
-6.10623482817e-07
-6.56650473911e-07
-3.40779577566e-07
-2.92858037652e-07
-3.38538102298e-07
-2.06583912815e-07
-2.77345774969e-07
-4.15760194361e-07
-2.78530790454e-07
-2.93880957035e-07
-3.11251658699e-07
-1.16772967379e-07
-6.38103648622e-07
-8.6830861906e-07
-5.70277212264e-07
1.72845000626e-08
4.29643167802e-07
-7.49871568226e-08
-3.26964730328e-07
-1.3829911611e-07
-2.33824275587e-08
1.16908064087e-07
1.55057656133e-07
2.57912686776e-07
4.03738186998e-07
2.18426862581e-07
-3.93924817548e-07
-5.34899248819e-07
-4.16652464939e-07
-2.41675581285e-07
-3.25313778345e-07
-5.8527865204e-07
-6.00060092848e-07
-5.69178366812e-07
-3.28913770098e-07
-2.51934702677e-07
-3.1232249542e-07
-1.74277685506e-07
-2.16010971646e-07
-3.30264422003e-07
-2.57990211937e-07
-2.80171311387e-07
-3.60414979219e-07
-9.80311278901e-08
-5.30495106855e-07
-7.67126759122e-07
-5.23247695399e-07
3.10776483575e-08
2.92883777396e-07
-1.93601854997e-07
-3.06313522351e-07
-1.06442464123e-07
-1.02192098202e-07
-8.01965780416e-08
3.18720612664e-08
1.87611517572e-07
3.79401288868e-07
2.37769881838e-07
-2.82443731405e-07
-3.82471736989e-07
-4.2464503847e-07
-3.49799547899e-07
-4.87760592615e-07
-6.48797921768e-07
-5.5219262025e-07
-5.15224410073e-07
-3.13076642047e-07
-1.21928507894e-07
-2.11724887829e-07
-1.47506945184e-07
-2.04312035981e-07
-2.42736551521e-07
-3.45874505543e-07
-3.96212751638e-07
-3.13431926485e-07
-7.73948881793e-08
-3.15500444973e-07
-6.4886673747e-07
-4.69854586382e-07
-2.4026857183e-07
6.61136822547e-08
-8.24385333542e-08
-2.42670034688e-07
-6.7791804326e-09
-2.25431462491e-07
-3.62902911802e-07
-8.30935782401e-08
1.57110118261e-07
4.51528028548e-07
2.5500545235e-07
-2.91095667843e-07
-3.80575280409e-07
-4.86897750517e-07
-3.7013511364e-07
-5.02806797768e-07
-6.4486557125e-07
-5.34404584131e-07
-4.9289345821e-07
-2.71003402294e-07
-1.77907292672e-07
3.11327999348e-10
-7.53830592663e-08
-1.621289717e-07
-1.04478499052e-07
-4.64714768251e-07
-4.97768483686e-07
-2.19302050527e-07
8.23967070247e-08
-1.81598116985e-07
-5.5187174628e-07
-4.03270182379e-07
-4.67773731591e-07
-3.70335942096e-08
4.35707117465e-08
-1.57679205004e-07
-1.08325239402e-07
-3.35606328451e-07
-4.55668529997e-07
-1.5838635271e-07
5.44584537091e-08
3.5246078696e-07
1.04593732958e-07
-2.36544046103e-07
-3.74203502716e-07
-5.16938607579e-07
-4.0356169525e-07
-3.74050844225e-07
-5.0371833657e-07
-6.12412932057e-07
-3.74721106817e-07
-2.17362632322e-07
-2.35219941536e-07
-6.45584681663e-08
-1.96083070153e-08
-1.72210117425e-07
-7.96719641421e-08
-3.55226025047e-07
-4.50811881403e-07
-2.02905704598e-07
-5.59741217358e-08
1.25562008973e-07
-2.61605194969e-07
-6.05550938786e-07
-5.63512867466e-07
-2.13796807509e-08
-7.82714161742e-08
-3.284270147e-07
-3.15277377128e-08
-2.98419964014e-07
-5.39118584589e-07
-1.83996701933e-07
-1.05683500174e-07
1.03580860945e-07
1.52083212436e-08
-1.73416000425e-07
-2.5811689187e-07
-4.97624776632e-07
-3.91099087163e-07
-1.93377225833e-07
-4.60782732806e-07
-6.24547553018e-07
-2.45627967885e-07
-3.88396623554e-08
-2.34247471718e-07
-1.61512395147e-07
-5.34782129409e-08
-1.17673643902e-07
1.16955284031e-07
-2.89094975955e-07
-5.82914098853e-07
-2.76743083332e-07
-9.95716593247e-08
3.41071455249e-07
6.23791667137e-09
-6.92024126001e-07
-6.6416820138e-07
-1.05421161588e-07
-1.37144277448e-07
-4.05488590758e-07
-2.4119139359e-07
-2.12698619184e-07
-4.74476380894e-07
-3.39424543462e-07
-1.877611598e-07
-4.27329238022e-08
-7.85902546931e-08
-4.69529020337e-08
-2.17498032929e-07
-4.54505002001e-07
-3.1165189117e-07
-2.7672360583e-07
-3.61320456781e-07
-4.86662258109e-07
-1.63001508353e-07
1.00970811695e-07
-2.37845127642e-07
-2.83672117839e-07
-5.23952645626e-08
8.29030304184e-09
2.50978883729e-07
-2.40982993168e-07
-7.04581329607e-07
-3.68260429354e-07
-1.13391567296e-07
4.66435949765e-07
5.06197017919e-07
-6.80983708018e-07
-5.50865336815e-07
-2.1110044274e-07
-2.43090252989e-07
-5.34568497235e-07
-4.70753926249e-07
-3.21741119847e-07
-3.74846056841e-07
-2.75113600952e-07
-3.20334292877e-07
-1.94529420905e-07
-5.66045478328e-08
-1.02410752324e-07
-2.31314002983e-07
-4.28236089181e-07
-2.25788064173e-07
-1.47718428014e-07
-1.63577335161e-07
-4.80482385974e-07
-3.12595610637e-07
5.29449853917e-08
-8.95391659115e-08
-1.72937839699e-07
-2.43413195473e-08
6.22678627444e-08
2.33753210707e-07
-1.39358848302e-07
-8.11802220207e-07
-5.18802865341e-07
-7.20735410315e-08
4.87761780186e-07
5.62116602063e-07
-3.6969253698e-07
-3.95301801293e-07
-1.92673491441e-07
-3.01508739067e-07
-6.41368829823e-07
-4.93070913709e-07
-3.71295816898e-07
-3.72873539972e-07
-2.50087619031e-07
-4.06862831738e-07
-2.98382339255e-07
-7.78213504609e-08
-2.25485058979e-07
-3.59905741202e-07
-3.58131520954e-07
-9.00840300081e-08
-4.19292928464e-09
1.33817758186e-08
-5.61080842531e-07
-3.40201099456e-07
-3.67023989449e-09
2.89506573923e-09
-1.7941827686e-08
9.74435110862e-08
1.07490704044e-07
7.47385174263e-08
-4.72754620412e-07
-7.87100248256e-07
-3.93653781141e-07
-1.00370749209e-07
3.90632555633e-07
4.0540722591e-07
-1.28078017094e-07
-4.12858262885e-07
-1.21800768631e-07
-2.92568585044e-07
-7.14441480139e-07
-3.03674118168e-07
-4.46953881517e-07
-5.42983601968e-07
-3.16014763438e-07
-4.83681234608e-07
-3.85655423342e-07
-2.21616321655e-07
-3.01378909074e-07
-2.86984512211e-07
-2.51761554115e-07
-9.07011344134e-09
-4.00452611213e-08
9.72094867072e-09
-3.90914838633e-07
-4.03351178337e-07
-1.4799664027e-09
2.06424248932e-07
4.51453669461e-08
2.29281361123e-08
2.13158123724e-07
-3.31514762867e-07
-7.16060322197e-07
-5.08805155793e-07
-3.09313291023e-07
-1.72757505914e-07
2.24802949576e-07
4.23577198601e-07
1.93727719567e-07
-1.45424108791e-07
-1.08399975285e-07
-3.41651482501e-07
-7.2185828692e-07
-2.71485396307e-07
-4.99099368399e-07
-6.80610651289e-07
-4.57267940664e-07
-4.62859994634e-07
-2.69738726081e-07
-3.81636469945e-07
-4.11285265625e-07
-1.86671335833e-07
-1.67819881992e-07
-6.3292478736e-08
5.20030272062e-08
1.73625770711e-07
-2.64243268304e-07
-4.35159478362e-07
-3.59431440939e-08
2.24566166944e-07
5.14061928371e-09
-8.48213026213e-08
1.79309807141e-07
-3.10785818693e-07
-6.44838638674e-07
-3.57342477728e-07
-3.07809851586e-07
-1.7322231031e-07
1.1689235614e-07
1.67094063625e-07
1.21854097647e-07
-6.94879434494e-08
-2.30323013195e-07
-5.80549371287e-07
-7.62668083386e-07
-3.52967314124e-07
-5.73396584817e-07
-8.25200372745e-07
-5.46174544642e-07
-4.67261293605e-07
-1.76313801975e-07
-1.72923902472e-07
-2.74590900996e-07
-2.87596418082e-08
-1.462384737e-07
-1.55158473232e-07
-4.9204842697e-09
2.56710010326e-07
-1.34848635005e-07
-3.66427230085e-07
-2.67857213793e-08
2.00264637755e-07
-6.74502819208e-08
-1.13357823172e-07
-2.17928575566e-08
-2.38446318666e-07
-5.05568745482e-07
-3.90972662097e-07
-1.92676200426e-07
4.94317254269e-08
5.01736541839e-08
5.74019265489e-08
1.45906299956e-07
-5.38769122898e-11
-2.43166024883e-07
-6.85817273074e-07
-8.68537615028e-07
-5.84939501405e-07
-6.44337739131e-07
-7.53164999241e-07
-6.14368092894e-07
-4.63696544076e-07
-1.62744727413e-07
-7.92769578975e-08
-9.2677920653e-08
3.91893375323e-08
2.31397193116e-08
-1.3629888344e-07
-1.18657657015e-07
6.5373408118e-08
-2.6464242083e-08
-5.5097836858e-08
-1.2409928032e-08
-5.97006914936e-08
-1.25064460792e-07
-1.97798308315e-07
-2.38698192045e-07
-3.63335849805e-07
-4.11922348026e-07
-2.49668821119e-07
-8.7755446488e-08
1.10104129318e-07
3.96113802292e-08
9.22234271488e-08
1.41762387411e-07
4.10564052904e-08
-7.29514876586e-09
-4.93984737291e-07
-8.69596903449e-07
-8.4918923252e-07
-8.71333661512e-07
-7.1406700004e-07
-6.27593762972e-07
-3.57638814808e-07
-1.18498112139e-07
5.22886843261e-08
1.64714941497e-07
1.75610282962e-07
4.49343959878e-08
-1.20337257232e-07
-2.07038645593e-07
-3.65759459258e-08
-5.9505638196e-08
3.91344021239e-08
1.03631433938e-07
-7.89517331156e-08
-2.2623707178e-07
-2.71390572467e-07
-3.25405635263e-07
-4.243210113e-07
-3.4803745456e-07
-1.96947913427e-07
-2.16368402236e-07
-1.61699120383e-07
-4.56661090745e-08
2.39061774858e-08
1.01773838069e-07
-8.04300209934e-10
8.37026814444e-08
-1.8536650288e-07
-7.02400960992e-07
-9.98984879349e-07
-9.95685673722e-07
-8.14034344268e-07
-6.20837020307e-07
-2.16023257229e-07
3.293101597e-08
1.48970432372e-07
1.88711257101e-07
2.11859773259e-07
-9.05697443613e-09
-2.50792363791e-07
-2.28836658032e-07
-1.44277256881e-07
-2.28919430916e-08
1.06522935571e-07
3.0286372349e-07
5.02757503387e-08
-1.85910525644e-07
-1.50318876484e-07
-3.70234399259e-07
-5.29292500326e-07
-3.60387066189e-07
-2.69518678741e-07
-3.10838664078e-07
-2.4760217452e-07
-2.26713558342e-07
-1.86680735241e-07
-3.08910041787e-08
-2.41328015091e-07
1.52035460906e-07
2.85497912914e-08
-5.30026692534e-07
-8.92687044191e-07
-9.27384481656e-07
-6.67332695257e-07
-5.59524076086e-07
-3.75814068634e-07
-9.53646351332e-08
2.15596750667e-07
7.11303592241e-08
5.14529565192e-08
1.65205221347e-07
-1.81870519456e-07
-2.80678061815e-07
-4.61606436591e-08
1.08211649315e-07
6.43625871448e-08
1.22507393647e-07
9.97390694484e-08
-4.06527279163e-08
6.08465068539e-08
-2.42685774927e-07
-5.46938528927e-07
-3.98036012097e-07
-4.15964793365e-07
-3.89626206786e-07
-2.47967906826e-07
-3.52435927045e-07
-2.973756221e-07
-2.74056608117e-07
-2.34033696173e-07
1.12253400513e-07
7.64489991151e-08
-2.78541332183e-07
-7.97625131916e-07
-9.04168982309e-07
-5.77008140766e-07
-5.31280639986e-07
-3.94431330323e-07
-1.45924013466e-07
8.14011811239e-08
1.04785421053e-07
2.53160782033e-08
1.71517796357e-07
-1.29763130515e-07
-3.00010627141e-07
-5.56901349621e-08
1.30374924231e-07
9.87262009817e-08
1.49854845572e-07
2.10571561142e-08
-1.25997305618e-07
1.45904946333e-07
-5.64735678337e-08
-3.12540159073e-07
-4.23287381596e-07
-4.82159394472e-07
-4.84144042071e-07
-5.02568479708e-07
-4.7014380942e-07
-4.2344849973e-07
-3.28940171948e-07
-3.12694370574e-07
1.81429832226e-08
6.11820340586e-08
-2.92242717456e-07
-5.4622394009e-07
-6.03373706454e-07
-6.01549418984e-07
-4.96332282076e-07
-1.92503836013e-07
3.87491088016e-08
-2.03089157071e-08
-2.27509962272e-08
3.46786057019e-08
2.19141280224e-08
-1.05913719877e-07
-2.20320727423e-07
-7.33992184181e-08
1.35630370285e-07
8.958314982e-08
1.29468954373e-07
-8.82994058896e-08
-2.09035537904e-07
8.08931503536e-08
1.60848033598e-08
-2.83339520754e-07
-4.28163938643e-07
-4.45616533132e-07
-4.81100445449e-07
-4.98753840455e-07
-4.47707364341e-07
-5.80183399265e-07
-5.82244421774e-07
-2.93671335987e-07
-1.61663830641e-07
-2.10804755497e-07
-4.59342335251e-07
-4.77233093131e-07
-5.49029586422e-07
-5.45258620339e-07
-2.47511006256e-07
-2.0528221465e-07
-1.26072482162e-07
-7.82501186183e-08
5.23558558188e-08
5.529538644e-08
-1.51375288609e-10
2.19009434898e-08
-9.9830751394e-08
1.59757475896e-08
9.13278248442e-08
5.70438276799e-08
-1.76026169259e-08
-1.06155917534e-07
-1.40205362953e-07
2.44759964788e-09
3.97879533211e-08
-2.14789827652e-07
-4.46176979086e-07
-4.94562011872e-07
-3.9709935818e-07
-4.36886254649e-07
-3.51155346297e-07
-5.89792976092e-07
-6.06913465986e-07
-1.81733438307e-07
-7.89105855356e-08
-2.79997828093e-07
-6.29850377228e-07
-7.44798202827e-07
-7.33555081218e-07
-5.78222511154e-07
-2.48876102175e-07
-9.09705580325e-08
-2.92151257951e-07
-2.07520496873e-07
1.29926993281e-07
4.44571270914e-08
-4.458026064e-08
4.82628224881e-08
2.52222423337e-08
1.67046812723e-08
9.63034107763e-08
5.00849343664e-08
-1.34119096069e-08
-4.24806984166e-08
-1.86025618558e-07
-1.52606256594e-07
-4.35628112652e-08
-8.71620763103e-08
-3.36080150573e-07
-4.79167903145e-07
-3.83941595337e-07
-3.78816247877e-07
-2.42824661608e-07
-3.70761095549e-07
-4.0644555974e-07
-2.55281209169e-07
1.00023977145e-07
-1.64160756261e-07
-6.47609091999e-07
-7.49481676401e-07
-6.70708198041e-07
-5.1822124991e-07
-3.31968571032e-07
-2.46132413855e-07
-2.70822750102e-07
-2.29841466332e-07
1.09103451132e-07
1.61097491103e-07
-1.054675434e-07
-1.20412751645e-07
-8.03995567701e-08
-4.86903314325e-08
3.28499424619e-08
-3.83579179442e-08
-5.92733672041e-08
-1.10580401381e-07
-8.16824074035e-08
-5.13406979131e-08
-8.164253705e-09
-8.08519987634e-08
-2.23539819465e-07
-3.69606900387e-07
-4.23930534724e-07
-3.63771083861e-07
-3.06752223596e-07
-2.99932782838e-07
-3.81671332811e-07
-1.63338290319e-07
1.54025213967e-07
1.62751850946e-08
-5.22333520818e-07
-6.96230729986e-07
-7.34136122935e-07
-6.32221883595e-07
-5.79744439779e-07
-4.86849500082e-07
-3.1959140878e-07
-1.62518640319e-07
9.1233033525e-08
1.77112173639e-07
1.2986887832e-07
-3.03589117204e-08
-3.19296939951e-07
-3.04910924496e-07
-1.43353330848e-07
-4.98520246029e-08
5.0810105924e-08
-3.74433504002e-08
-9.648490594e-08
-2.15729718788e-08
7.68087074198e-08
5.53367431466e-09
-1.88420725017e-07
-2.5188657479e-07
-3.86077472157e-07
-4.32530299971e-07
-3.08954027273e-07
-3.38168252596e-07
-3.46929511853e-07
-1.37644225829e-07
-1.05546948685e-07
-2.20775567928e-07
-5.62142042815e-07
-6.4724397402e-07
-5.82052860081e-07
-5.3204787156e-07
-4.96022948474e-07
-4.18945753432e-07
-3.46780006552e-07
-2.02299651295e-07
8.61206898224e-08
2.13121724226e-07
1.51858428498e-07
-6.65702620124e-08
-3.56942570256e-07
-2.99663825613e-07
-1.64496891005e-07
-1.55309585262e-07
-1.06552580414e-07
-1.79233738103e-07
-2.5191885132e-07
-4.94374969429e-08
9.3521589706e-08
6.38938932482e-08
-9.43372111785e-10
-1.0627876719e-07
-1.88349595044e-07
-2.90132074149e-07
-3.22858115117e-07
-4.02348377871e-07
-2.83010297749e-07
-1.30686981873e-07
-7.08673685917e-08
-2.28190824645e-07
-7.31431188315e-07
-8.5934982565e-07
-7.3255542192e-07
-5.11122637375e-07
-2.42618011754e-07
-1.30074742183e-07
-2.95162458198e-07
-3.27609861359e-07
-9.66820510984e-08
4.31737280107e-08
3.96847619777e-08
-9.71108804449e-08
-2.97808486238e-07
-3.77466422034e-07
-3.29579539833e-07
-2.34767775972e-07
-1.51465869683e-07
-2.94607298785e-07
-3.64725496462e-07
-1.50753752098e-07
6.95721127807e-08
2.00924377104e-07
2.2715900636e-07
1.15392186692e-07
-2.06573459355e-08
-1.57651373036e-07
-2.18961913646e-07
-2.39221591905e-07
-1.36845993823e-07
-1.34964363911e-07
-1.5515517751e-07
-1.87331021015e-07
-4.8641344544e-07
-6.81137428469e-07
-6.44114313847e-07
-4.57759629656e-07
-2.68552564486e-07
-1.85096856304e-07
-2.7625177511e-07
-4.16728221285e-07
-3.38094920799e-07
-1.44363138232e-07
-3.00523721531e-10
-4.74734959306e-08
-1.75229032515e-07
-2.46777163205e-07
-2.51720120136e-07
-2.96225676487e-07
-4.30676526997e-07
-5.92034553328e-07
-4.87801110596e-07
-2.12343160513e-07
-4.78187786032e-08
5.3152180695e-08
1.93827003615e-07
3.15886516663e-07
2.46359545562e-07
9.67679565932e-09
-1.3830763256e-07
-1.03222635683e-07
-3.00869839733e-08
-5.98520162638e-08
-1.96187780401e-07
-3.05814525041e-07
-5.92737705462e-07
-7.17332126526e-07
-7.25544841851e-07
-6.56979267029e-07
-5.39591049606e-07
-3.84126153811e-07
-2.5010734578e-07
-1.42587493955e-07
-9.34876060125e-08
-8.55775737086e-08
-2.20322791529e-07
-4.5074196632e-07
-3.75114537538e-07
-8.77177414941e-08
7.45665143731e-08
9.36179282246e-09
-1.82602176788e-07
-3.34048281415e-07
-3.38235391545e-07
-2.884103717e-07
-3.18025866687e-07
-1.83914995233e-07
6.97893553718e-08
1.6711669563e-07
7.05810804047e-08
5.82020467641e-10
5.24281471e-08
1.7339430048e-07
1.89990155416e-07
1.67683401734e-07
1.30139042425e-07
-1.02852009613e-07
-7.34118007841e-07
-9.93961797683e-07
-8.70355125129e-07
-7.091196616e-07
-4.50900372114e-07
-8.62502757141e-08
1.73552524936e-08
-2.19228886113e-07
-3.52282957179e-07
-3.48419196632e-07
-3.92038236684e-07
-3.58343789959e-07
-2.52034051233e-07
-1.93984743958e-07
-1.76436209517e-07
-7.16623683171e-08
1.96960507885e-08
-1.37670658357e-07
-3.45984588501e-07
-4.02724764498e-07
-3.14706946277e-07
-9.72694208028e-08
9.71447876163e-08
1.47567618832e-07
1.32850797854e-07
6.31289958511e-08
1.76817897902e-09
3.49722284086e-08
1.64001646228e-07
-5.97283881599e-08
-7.49544251128e-08
-2.76678989356e-07
-7.48182258965e-07
-8.36191451324e-07
-6.05009461678e-07
-4.33494327633e-07
-3.53497210867e-07
-2.75179793086e-07
-2.79039684603e-07
-3.36436754161e-07
-4.22542332043e-07
-5.60719988748e-07
-6.15321568668e-07
-4.00285503978e-07
-6.46428024301e-08
2.32856366733e-07
3.5244278578e-07
2.29823239785e-07
1.08935749142e-07
1.52771494898e-09
-1.18065922325e-07
-2.63198088389e-07
-3.27298355418e-07
-2.01939554471e-07
-2.89208587932e-08
-4.75518526648e-08
-1.01513045544e-07
-1.31527917037e-07
-9.6750382535e-08
-4.79340268508e-08
2.0628839943e-08
-2.86688607778e-07
-4.37187694813e-07
-5.93181216729e-07
-8.23246283543e-07
-8.28832728273e-07
-7.31332702188e-07
-5.90747095729e-07
-4.7659865609e-07
-4.93862202392e-07
-4.5160802852e-07
-3.55922329534e-07
-2.73309617363e-07
-1.93205682673e-07
-1.89134996687e-07
-1.43399805768e-07
-2.26291615107e-08
1.22069699947e-07
2.6947261236e-07
1.76279902283e-07
1.33328184371e-07
2.6003523592e-07
7.59216696525e-08
-3.8543790665e-07
-4.81870649239e-07
-1.78849960003e-07
1.10353134592e-07
8.55925016236e-08
-3.67602859667e-09
-2.68205164195e-08
5.29859098624e-08
3.92225360709e-08
-8.03965525348e-08
-2.82864777857e-07
-6.60111061874e-07
-8.3664534986e-07
-9.43372595186e-07
-8.14033834955e-07
-6.84401615364e-07
-6.19052945721e-07
-6.53367781591e-07
-7.40547026602e-07
-6.44522440334e-07
-3.3021152978e-07
-1.54043934849e-07
-1.87895054716e-07
-1.54913680724e-07
-2.76207366654e-08
-1.44390953195e-08
1.21557533073e-07
4.68362823313e-07
5.41957683306e-07
4.45345257449e-07
4.39394481994e-07
1.33453675947e-07
-2.11067467365e-07
-2.09301317557e-07
4.10518194689e-08
1.42821407254e-07
3.53157519957e-08
-1.1029986278e-07
-1.87220437019e-07
-2.29224402576e-07
-1.65662854241e-07
-5.75843366176e-08
-5.82061153125e-07
-6.91325951466e-07
-7.82095844761e-07
-1.08470998811e-06
-1.00508420281e-06
-7.24105119467e-07
-5.39252163608e-07
-4.82037923346e-07
-4.92393582754e-07
-4.46285300845e-07
-3.63908913204e-07
-4.19392850151e-07
-5.00794324703e-07
-3.39441661631e-07
-5.73651777029e-08
1.22999575185e-07
1.33489612172e-07
1.65533081379e-07
1.52480331419e-07
2.48376676604e-07
4.43463809469e-07
6.07776771365e-07
6.07527081331e-07
4.45188271681e-07
1.9296898579e-07
-7.40666164636e-08
-4.23220129018e-07
-6.14536801257e-07
-3.20868774634e-07
1.93916993543e-07
2.67254547725e-07
-1.45612666292e-07
-5.08630882795e-07
-8.86172567886e-07
-1.00053116562e-06
-1.08784426333e-06
-9.53086745401e-07
-7.42192125792e-07
-5.88564358845e-07
-4.39034079253e-07
-4.02173211137e-07
-4.26729045719e-07
-4.28551538237e-07
-5.04183104821e-07
-4.79623150606e-07
-2.55899989935e-07
-7.11677142009e-08
-5.62161772209e-08
-3.23470287892e-08
-1.34280393046e-08
3.66050925609e-08
1.55082166012e-07
3.11127639458e-07
4.42693562176e-07
5.86064484379e-07
6.47368428105e-07
4.59561907997e-07
2.06817548531e-07
5.64970522202e-08
-1.48284595302e-07
-3.50527195115e-07
-1.56009597836e-07
1.69758269905e-07
4.35104271228e-08
-1.31073722177e-06
-1.77187265082e-06
-1.39786371997e-06
-9.73807183444e-07
-5.94400518571e-07
-4.35643978265e-07
-4.03090676226e-07
-2.73363587121e-07
-2.3391343308e-07
-3.87931637809e-07
-5.96309597246e-07
-7.87603094199e-07
-7.94358095939e-07
-6.57503018631e-07
-3.28849633241e-07
9.81312511344e-08
3.74160098225e-07
4.45010643164e-07
2.77877020652e-07
6.80755333189e-09
-1.18898621573e-07
-6.74386923012e-09
1.42310951679e-07
3.61973206833e-07
5.95050254906e-07
5.84193560301e-07
4.03389634159e-07
3.81260939108e-07
4.9350181569e-07
5.71799547314e-07
3.18766028394e-07
-2.77795101107e-07
-1.0262738209e-06
-1.2787547288e-06
-1.14799169709e-06
-1.0105953396e-06
-8.39598971093e-07
-6.38455923636e-07
-3.89722333508e-07
-1.29125348265e-07
1.01622868624e-08
-9.23060432678e-08
-4.2775075033e-07
-6.10343177907e-07
-6.01822369046e-07
-5.46669047713e-07
-4.18809032622e-07
-2.18981875213e-07
-3.39964175065e-08
8.34740831581e-08
2.04285455837e-07
2.9623947694e-07
1.71492178248e-07
-1.183005818e-07
-1.10890751986e-07
2.95850830139e-07
6.61789340912e-07
7.32545915801e-07
5.39517053793e-07
4.62095895102e-07
4.49875538151e-07
2.0756143135e-07
-2.22235268359e-07
-5.61292069012e-07
-9.54666592484e-07
-7.08892100274e-07
-5.97558929356e-07
-8.22373199266e-07
-9.88064359648e-07
-1.09407061696e-06
-9.50598239954e-07
-5.90182253575e-07
-2.6028394147e-07
-1.06080820451e-07
-1.4957203002e-07
-3.36343248454e-07
-3.55789223174e-07
-4.27710750761e-07
-4.9148149893e-07
-3.47137847885e-07
-6.1588708847e-08
1.77989052925e-07
2.7907253981e-07
2.68961458202e-07
1.58689040897e-07
6.9729099563e-08
9.68341258796e-08
3.30226897799e-07
5.63440176631e-07
6.76737320969e-07
6.3162688137e-07
5.27555190167e-07
4.47185151582e-07
1.92341107649e-07
-4.57397205782e-07
-9.31355472656e-07
3.84006063031e-07
4.27169484238e-07
1.58599174931e-07
-5.1443746186e-07
-1.02559798961e-06
-1.39359058909e-06
-1.52353608109e-06
-1.31631970118e-06
-1.03289857505e-06
-7.95758840597e-07
-6.19145273005e-07
-5.04631649329e-07
-4.61540299837e-07
-5.12612885885e-07
-7.18934608294e-07
-6.28238335186e-07
-2.28252063493e-07
1.98073879462e-07
3.70779329241e-07
4.93680348314e-07
5.7119555674e-07
3.64528185039e-07
-6.38143843844e-08
-1.64403183466e-07
-4.95894156084e-08
1.18167299774e-07
2.99748976898e-07
4.32025281667e-07
5.27667158408e-07
5.09188290755e-07
2.78016554316e-07
2.65244802957e-07
4.84650951543e-07
3.14483599387e-07
7.15657469511e-08
-2.35313137262e-07
-5.56410647562e-07
-7.25178844609e-07
-7.53802041953e-07
-8.87400535558e-07
-1.15943198099e-06
-1.32748584979e-06
-1.4104405688e-06
-1.44513601839e-06
-1.32381517056e-06
-1.08566910458e-06
-9.40063894954e-07
-7.09312403296e-07
-3.20342860761e-07
1.15243419254e-07
5.49653748234e-07
8.50139478963e-07
8.48613226092e-07
4.04735094177e-07
1.12112320998e-07
6.86605159752e-08
1.42848778262e-07
2.3262875965e-07
4.23931809518e-07
5.12624513091e-07
3.84759337035e-07
3.10273579576e-07
3.45985645439e-07
4.62006915012e-07
6.23110277734e-07
1.0777845813e-07
-2.9370474818e-07
-5.82916213247e-07
-7.1545767868e-07
-8.15395897029e-07
-9.76179179259e-07
-1.18731100632e-06
-1.51831831502e-06
-1.79516284207e-06
-1.81914783371e-06
-1.71425262086e-06
-1.44964174388e-06
-1.13147380304e-06
-9.89428864884e-07
-8.43471162702e-07
-3.95967238087e-07
1.48613727277e-07
4.22711369791e-07
5.45452774707e-07
6.96430425821e-07
7.73068988377e-07
7.18220193478e-07
6.94347698294e-07
7.24054518248e-07
7.60845496787e-07
6.54837173382e-07
3.71463040798e-07
2.53718392679e-07
5.48497020114e-07
9.42136414098e-07
1.00928565418e-06
-3.29777106038e-07
-5.97159954553e-07
-3.22806451984e-07
-3.15679653404e-07
-4.78311912834e-07
-6.57980098249e-07
-9.82982209812e-07
-1.41055278297e-06
-1.86901241925e-06
-2.06191616645e-06
-1.91418306357e-06
-1.58489633842e-06
-1.38175879577e-06
-1.14370992538e-06
-7.7519024103e-07
-6.02552969135e-07
-5.1336000044e-07
-1.54769092045e-07
1.39675004073e-07
1.07798781927e-07
1.53073800377e-07
3.96232553475e-07
7.16163629298e-07
9.03350016617e-07
9.73418339707e-07
1.06203612001e-06
1.16726462367e-06
1.20191741863e-06
1.18735642214e-06
1.2049390979e-06
1.00614961352e-06
4.63707677784e-07
9.22936905489e-07
2.3753876105e-07
-3.93801350943e-07
-7.54285426933e-07
-5.70312396767e-07
-7.40832846887e-07
-1.51924624402e-06
-1.90344189634e-06
-1.7533445538e-06
-1.66119735237e-06
-1.77426248382e-06
-1.55007386045e-06
-1.2331225989e-06
-1.10067139747e-06
-1.12782483707e-06
-1.26488807957e-06
-1.31358678673e-06
-8.06764533599e-07
-4.00582429482e-08
2.85220076777e-07
2.08713216143e-07
3.37570411333e-07
6.55371894572e-07
8.23274075614e-07
8.84495421771e-07
9.37032001153e-07
1.05496099429e-06
1.24277001149e-06
1.34773651028e-06
1.33644472679e-06
1.31143234969e-06
1.33102959099e-06
9.96880556442e-07
2.14231048814e-07
-4.26342293071e-07
-9.42101522114e-07
-1.03961004238e-06
-1.02315901716e-06
-1.13393296473e-06
-1.29271674397e-06
-1.47418364653e-06
-1.74532894569e-06
-2.02076755433e-06
-2.1089444358e-06
-1.94971902419e-06
-1.82509477961e-06
-1.81939505638e-06
-1.67507806e-06
-1.17288734072e-06
-4.58941483281e-07
-8.48343322811e-08
1.09402394431e-07
4.76784622888e-07
8.12037109299e-07
9.96401638831e-07
1.00047365517e-06
9.25674265112e-07
1.02108072559e-06
1.23428123498e-06
1.45834105562e-06
1.67144368582e-06
1.68505659743e-06
1.55047085145e-06
1.4864658663e-06
6.29128266061e-07
-1.01173916338e-07
-4.09748023217e-07
-6.88770921352e-07
-1.00140928715e-06
-1.49036868476e-06
-1.61355554706e-06
-1.41781296881e-06
-1.4587361143e-06
-1.92605396402e-06
-2.34926840809e-06
-2.33011139848e-06
-1.87714455762e-06
-1.52010921748e-06
-1.40489657665e-06
-1.25703982478e-06
-1.00618590874e-06
-6.84604909176e-07
-3.63398543289e-07
-6.61459142876e-08
1.11242939455e-07
1.05890502165e-07
1.34820765852e-07
2.53650576812e-07
5.87067875056e-07
1.25678069627e-06
1.9504937742e-06
2.31888902939e-06
2.52977216026e-06
2.69736537665e-06
2.35471215323e-06
1.57007000065e-06
6.72556790683e-07
-4.65278554327e-07
-8.97696480034e-07
-9.37075086132e-07
-8.87522212455e-07
-1.13562784099e-06
-1.54232235507e-06
-1.66360966132e-06
-1.58690379942e-06
-1.70919680378e-06
-2.03892029354e-06
-2.29831619798e-06
-2.22538756015e-06
-1.78194694826e-06
-1.20384070911e-06
-8.45950759487e-07
-6.76937183913e-07
-4.06420343415e-07
-1.0248279231e-07
5.22889232066e-08
9.46080446178e-08
2.75247116192e-07
4.61367457068e-07
4.63102150519e-07
4.35291157791e-07
9.22371292964e-07
1.75561044103e-06
2.17932462465e-06
2.33179682857e-06
2.49770924507e-06
2.28494396504e-06
1.74011834494e-06
4.92471356749e-07
-4.76782931363e-07
-1.18013263258e-06
-1.74421306561e-06
-1.83792633901e-06
-1.56083169203e-06
-1.26050815713e-06
-1.2439637051e-06
-1.45646307851e-06
-1.63091723261e-06
-1.77494295177e-06
-1.83571025998e-06
-1.67331603568e-06
-1.37696987062e-06
-1.00814873201e-06
-6.12219310265e-07
-2.10388659753e-07
-3.07075562746e-08
-1.44066840573e-07
-1.66980226679e-07
3.50413355486e-08
3.44789570586e-07
7.52306692466e-07
1.13627833088e-06
1.29703364978e-06
1.21658439046e-06
1.06535219366e-06
1.24889065078e-06
1.76718743126e-06
2.11105238049e-06
1.90220210661e-06
1.37800271256e-06
6.85948543985e-08
-8.67315992493e-07
-1.3615593323e-06
-1.70993315994e-06
-1.91255263635e-06
-2.05490867903e-06
-2.19353812684e-06
-2.10969293372e-06
-1.62256624283e-06
-1.06811991564e-06
-9.21048439588e-07
-1.26086626078e-06
-1.63770398213e-06
-1.48702408277e-06
-9.19537644711e-07
-5.63112521795e-07
-4.52838428147e-07
-2.94536357549e-07
-2.03364209835e-07
-4.11552609665e-08
2.66259885737e-07
6.98176431854e-07
1.1874306293e-06
1.49211843053e-06
1.39913614311e-06
1.16415427809e-06
9.81176356532e-07
1.31692154155e-06
1.97964069823e-06
2.3367199521e-06
1.97946221507e-06
1.17742430615e-06
4.06773882488e-07
-1.04771467408e-06
-1.94041112002e-06
-2.28325022098e-06
-2.3280072392e-06
-2.27541851868e-06
-1.90493745692e-06
-1.3732441673e-06
-1.13006573998e-06
-1.12166630518e-06
-1.02596742313e-06
-1.14529851482e-06
-1.55588195097e-06
-1.51952079581e-06
-9.68824463546e-07
-5.60203197919e-07
-5.30446823645e-07
-3.83605255547e-07
3.56905835284e-08
4.44839629928e-07
7.42253857062e-07
8.30665128562e-07
7.72834568295e-07
9.3926283985e-07
1.13719000852e-06
1.15939490834e-06
1.25823905099e-06
1.56901079356e-06
1.90966659806e-06
1.97878793889e-06
1.731178528e-06
1.39790081078e-06
5.38510131156e-07
-4.76038145246e-07
-1.47103766336e-06
-2.54160342143e-06
-2.49952174607e-06
-1.71390274299e-06
-1.26457917582e-06
-1.32701698517e-06
-1.40237703416e-06
-1.3655640551e-06
-1.11632098462e-06
-8.56727981455e-07
-6.39079563423e-07
-4.27500281808e-07
-1.45772955248e-07
-1.20728374747e-07
-4.18881943058e-07
-6.46710868e-07
-5.9304744148e-07
-3.15461559869e-07
9.84640465802e-08
4.18055001771e-07
5.06700564554e-07
6.82674700379e-07
9.53936082983e-07
1.17002210057e-06
1.23968193183e-06
1.23217555601e-06
1.31134038053e-06
1.58336898049e-06
1.63631835288e-06
1.35222152148e-06
-2.57573397627e-07
-1.36486847364e-06
-2.21704694253e-06
-2.41861821735e-06
-1.86396494947e-06
-1.54610112369e-06
-1.66689975777e-06
-1.75476743587e-06
-1.79343196536e-06
-1.66464143066e-06
-1.38471453922e-06
-1.09329838977e-06
-7.56920181353e-07
-2.45014563093e-07
2.49704014786e-07
2.71743605747e-07
-1.51830176835e-07
-3.99131643842e-07
-3.70107052913e-07
-1.262274726e-07
3.0890065637e-07
7.29811374323e-07
8.71799476983e-07
9.05624347972e-07
1.01117110097e-06
1.22401638261e-06
1.51199141304e-06
1.69583094116e-06
1.74166873326e-06
1.76691951392e-06
1.4034158784e-06
7.52516092465e-07
-1.33736625339e-06
-1.76789407796e-06
-1.82099519267e-06
-1.72115839239e-06
-1.33176984162e-06
-1.05977064375e-06
-1.03089546627e-06
-1.17313438653e-06
-1.30002596993e-06
-1.30030866248e-06
-1.0976544044e-06
-7.63470620051e-07
-3.67843604296e-07
-4.99315799808e-08
1.74618725444e-07
2.92042345774e-07
2.36566293619e-07
8.21141580302e-08
-6.53424724547e-08
-1.73646581431e-07
-2.37659968974e-07
3.7960476345e-08
5.2032307951e-07
9.79409553947e-07
1.2946044702e-06
1.49968229409e-06
1.48536128408e-06
1.21582559193e-06
1.06864658693e-06
1.01006613565e-06
4.31933084687e-07
-4.9659210106e-07
-1.36798483067e-06
-2.43990358366e-06
-2.7320458261e-06
-2.61295843019e-06
-2.24625230379e-06
-1.92949168996e-06
-1.69684271197e-06
-1.47644102271e-06
-1.28345012221e-06
-1.32050798276e-06
-1.51535459894e-06
-1.35546522133e-06
-5.88327435571e-07
1.46648569772e-07
3.83427739806e-07
2.58577322204e-07
1.29784439551e-07
2.70996832287e-07
4.91067856261e-07
7.18646772483e-07
9.23974509992e-07
9.097532842e-07
7.63335861444e-07
7.36491261307e-07
9.36864462354e-07
1.36713965293e-06
1.79257509889e-06
1.86532120687e-06
1.70210009881e-06
1.66927869741e-06
1.09427234063e-06
-5.054594023e-08
-4.82386991409e-07
-1.50059912289e-06
-2.0843656616e-06
-2.51557722559e-06
-2.67895137724e-06
-2.57177898758e-06
-2.18098493084e-06
-1.56038939406e-06
-8.62943890925e-07
-2.589717228e-07
4.42320903022e-08
-7.3469420925e-08
-2.762214635e-07
-2.73400295226e-07
-2.76306413936e-07
-2.0113711513e-07
4.74012211377e-09
-1.00635524625e-07
-5.31603919754e-07
-5.50514453788e-07
-1.11721638946e-07
4.02106547282e-07
7.3634576902e-07
1.06125240469e-06
1.49998490401e-06
1.87128640731e-06
2.02581638928e-06
1.91669443655e-06
1.39707881264e-06
8.68186172373e-07
5.80116931503e-07
3.3847169071e-07
-1.00806582755e-06
-1.86250713073e-06
-2.18015232506e-06
-2.27425204018e-06
-2.04312905791e-06
-1.66832768167e-06
-1.41346645277e-06
-1.35814695478e-06
-1.0056965571e-06
-3.44897164052e-07
-1.41012242673e-07
-6.49378019114e-07
-9.53068227333e-07
-7.23267937242e-07
-2.68793864612e-07
4.4786585889e-08
3.385307684e-09
-2.12258790052e-07
-2.99798839796e-07
-2.40496202285e-07
-1.57906223269e-07
2.22992993015e-08
4.06766494189e-07
9.51776518164e-07
1.47750008785e-06
1.8003680462e-06
1.84051042969e-06
1.65096385475e-06
1.49773057835e-06
1.49744608477e-06
1.05201705814e-06
1.25180775793e-07
-4.14556139738e-07
-1.17916973753e-06
-1.92582910531e-06
-2.8636119495e-06
-2.97597006812e-06
-2.27895355855e-06
-1.40359132524e-06
-9.38880768985e-07
-1.06885062172e-06
-1.26111136604e-06
-9.82765471409e-07
-3.88100785274e-07
9.79225491209e-08
2.61584710529e-07
1.71641542717e-07
1.31451433596e-07
1.69971870715e-07
1.54387207207e-07
1.25862400777e-07
1.40653684502e-07
1.81279536518e-07
2.81965542683e-07
4.55455590874e-07
8.29418269177e-07
1.24582910447e-06
1.3425308617e-06
1.13593013202e-06
1.01382367206e-06
1.11667542864e-06
1.22996491324e-06
9.28260550794e-07
3.92703307857e-07
-6.90052333502e-07
-1.1544561102e-06
-1.57381602509e-06
-1.7976536511e-06
-1.49225749958e-06
-1.29003102184e-06
-1.48753931924e-06
-1.26977682807e-06
-5.96775997267e-07
-4.05293492331e-07
-8.10657295445e-07
-9.51873901786e-07
-7.28727875749e-07
-4.08470813694e-07
-1.64108324358e-07
-1.68125998781e-07
-4.03204299658e-07
-6.83699860008e-07
-7.83491082164e-07
-6.25175369945e-07
-1.6111940324e-07
4.77924986262e-07
1.07296739354e-06
1.64621928267e-06
2.01161273485e-06
1.96437714411e-06
1.61390997444e-06
1.14396032288e-06
7.63746242722e-07
6.12297616346e-07
2.71642767497e-07
-1.68166104471e-07
3.7723137545e-07
-6.55695301624e-07
-1.37760223846e-06
-1.7351993796e-06
-1.66328336646e-06
-1.5464146991e-06
-1.48885935148e-06
-1.42026057395e-06
-1.23560184147e-06
-1.05787306672e-06
-9.42031043511e-07
-7.08253629283e-07
-3.95395959622e-07
-2.39614143826e-07
-2.72111587121e-07
-3.29907897395e-07
-4.98824494337e-07
-7.5527314297e-07
-7.40017451133e-07
-4.89787783094e-07
-2.07393318442e-07
3.71896294748e-08
5.12289442603e-07
1.25850675143e-06
1.59255859821e-06
1.26539092888e-06
1.00838335774e-06
1.0059281762e-06
1.09005185051e-06
1.23774614246e-06
1.23616733548e-06
1.09324265622e-06
-5.73165903428e-07
-1.57468069747e-06
-2.24916644322e-06
-2.63611161928e-06
-2.6948826957e-06
-2.66632553889e-06
-2.53062051197e-06
-2.30075910511e-06
-1.972074834e-06
-1.59125371884e-06
-1.28329776255e-06
-1.12089652366e-06
-7.83600779118e-07
-2.1897211737e-07
2.30215884124e-07
4.07043941231e-07
3.49670615508e-07
2.31287795435e-07
3.80365773914e-07
7.20763843375e-07
8.65301569348e-07
8.28498367625e-07
9.21954884263e-07
1.15189910058e-06
1.31771879059e-06
1.43719626813e-06
1.66101118384e-06
1.86199471817e-06
1.92446582186e-06
1.83171710674e-06
1.34442963625e-06
5.18050341989e-07
-3.31979824094e-07
-1.26757930038e-06
-1.67823977418e-06
-1.9373556624e-06
-2.02381312656e-06
-1.95402959871e-06
-1.79029834219e-06
-1.65002004789e-06
-1.55767965338e-06
-1.50408731333e-06
-1.61403938349e-06
-1.82603521087e-06
-1.54120895548e-06
-8.36376081569e-07
-6.34093914157e-07
-1.04599896333e-06
-8.32316476569e-07
-1.6583662777e-08
5.40258919904e-07
6.49468099953e-07
7.48180411092e-07
1.05487095425e-06
1.39692666628e-06
1.5037102807e-06
1.38044196653e-06
1.28419267693e-06
1.52377875008e-06
1.946086594e-06
2.09130041179e-06
1.83567055183e-06
1.27095386487e-06
6.24097048128e-07
-1.15306613656e-06
-2.17426220754e-06
-2.25274451409e-06
-2.17794691015e-06
-2.14802542346e-06
-1.97182480624e-06
-1.58375497609e-06
-1.17375171967e-06
-8.68333286997e-07
-7.88275461513e-07
-9.47268616073e-07
-1.09526777033e-06
-9.86421649699e-07
-6.33518638616e-07
-3.27753273642e-07
-9.20825816422e-08
2.57514900046e-07
6.5337053954e-07
8.51581549512e-07
7.60580376731e-07
6.88118156212e-07
7.11243241578e-07
5.78012113916e-07
3.21745275239e-07
2.31612699906e-07
5.08666051377e-07
1.16931521071e-06
1.8324899669e-06
2.03526161916e-06
1.87233986419e-06
1.31465390223e-06
3.06323019123e-07
-3.12660646107e-08
-1.07222614578e-06
-1.82736299481e-06
-2.39452005788e-06
-2.57038544307e-06
-2.32660892119e-06
-1.85161901453e-06
-1.40491577654e-06
-1.0777009707e-06
-8.4344428641e-07
-7.52966986314e-07
-7.91812477234e-07
-7.86607142208e-07
-6.88638695671e-07
-7.59281085251e-07
-6.1420094203e-07
-2.36487851605e-08
2.17350268651e-07
-8.96952769859e-08
-1.57502110725e-07
1.99569611574e-07
6.80111686858e-07
9.08726096184e-07
8.96993222917e-07
1.02248594367e-06
1.14892157757e-06
1.35331746495e-06
1.74890288788e-06
1.89027773089e-06
1.69764305706e-06
1.3448779043e-06
8.69942523813e-07
-3.96454445965e-07
-1.16452449728e-06
-1.74811526913e-06
-2.35314453393e-06
-2.41974499381e-06
-1.97809007088e-06
-1.41813297306e-06
-1.20569825588e-06
-1.3311862059e-06
-1.24023018287e-06
-9.36074464313e-07
-8.97819723153e-07
-1.05267383859e-06
-8.34748897754e-07
-3.81267527805e-07
-1.06274205484e-07
-7.58318439967e-08
-1.3711611433e-07
-1.98572134172e-07
-2.42327753008e-07
1.81606855523e-08
5.62351058857e-07
1.04018963641e-06
1.32365769956e-06
1.46927285057e-06
1.47652867806e-06
1.51033910756e-06
1.52959609733e-06
1.52096107969e-06
1.62735814918e-06
1.30218575508e-06
5.35748255496e-07
5.29979273215e-08
-9.469347407e-07
-1.47813987061e-06
-1.86174298487e-06
-1.95869935141e-06
-1.89957794117e-06
-1.89797697422e-06
-1.76509577604e-06
-1.43237145778e-06
-1.07470912283e-06
-8.31616850665e-07
-6.7404873492e-07
-6.02327017861e-07
-5.22825825054e-07
-3.98048518987e-07
-3.26286331864e-07
-3.42361188057e-07
-3.35721742529e-07
-2.74483166018e-07
-2.13693751562e-07
-1.34648238235e-07
-7.73202203706e-09
4.02441103155e-07
9.59293958217e-07
1.12038305755e-06
1.01755039312e-06
1.37360950299e-06
1.96589690548e-06
2.11470062079e-06
1.76951784893e-06
1.33449901484e-06
9.3120816868e-07
3.672341452e-07
-7.4650315207e-07
-1.5796700394e-06
-2.10851417574e-06
-2.11219627369e-06
-1.73881903011e-06
-1.26350713531e-06
-9.50568798921e-07
-8.45434550371e-07
-8.57241929448e-07
-9.51661688211e-07
-9.73163506127e-07
-8.85858945309e-07
-8.37610478285e-07
-9.48299730392e-07
-1.09990351778e-06
-1.02513005278e-06
-7.52283932138e-07
-4.14691827993e-07
-3.4213600552e-08
3.01214164818e-07
4.89629575818e-07
5.37047682869e-07
5.27433323115e-07
4.59146262942e-07
5.30313824481e-07
8.87086237218e-07
1.44462617266e-06
2.1177494481e-06
2.61720519109e-06
2.3602395682e-06
1.51179450657e-06
4.13489129537e-07
-5.58971534921e-07
-1.31561959925e-06
-1.72057869901e-06
-1.51223142374e-06
-1.14170691154e-06
-1.13046936218e-06
-1.33430974136e-06
-1.1442591629e-06
-7.52572020359e-07
-6.63404248209e-07
-7.20073261028e-07
-5.80408578373e-07
-5.41469939876e-07
-6.45540089489e-07
-6.93776850146e-07
-7.76429419229e-07
-8.86862941658e-07
-1.13888309341e-06
-1.43781315273e-06
-1.16212219876e-06
-3.92939627324e-07
3.12847715038e-07
7.65507627615e-07
1.04540078068e-06
1.19092878775e-06
1.26512646347e-06
1.50361273289e-06
1.9822175487e-06
2.4165160787e-06
2.19737769032e-06
1.4248666452e-06
8.75235915011e-07
-1.75019986567e-07
-8.25403259793e-07
-1.19689287973e-06
-1.32252762827e-06
-1.29002870648e-06
-1.25858388723e-06
-1.30238041821e-06
-1.39966061394e-06
-1.49211927971e-06
-1.57121340083e-06
-1.44204976968e-06
-1.13417218038e-06
-8.61487522627e-07
-6.90526013056e-07
-4.85927817746e-07
-2.09863301951e-07
2.76315697309e-07
7.11225011839e-07
7.69407589269e-07
5.45033535668e-07
2.24475484985e-07
-1.55457679857e-08
1.19383317943e-07
4.80619385489e-07
5.6120473614e-07
4.25916673273e-07
5.90032419869e-07
9.078515742e-07
1.23268419369e-06
1.53934089358e-06
1.58175737568e-06
3.73690580151e-07
-3.05407684933e-07
-6.80333533301e-07
-1.0204909394e-06
-1.29274822155e-06
-1.56439547187e-06
-1.85564909572e-06
-2.11740419082e-06
-2.39288813734e-06
-2.65369844073e-06
-2.67556126249e-06
-2.25074056681e-06
-1.57238625246e-06
-1.17987521384e-06
-9.17468583852e-07
-4.17830032487e-07
-5.86592262104e-09
1.59020573186e-07
3.12090414813e-07
4.91638019059e-07
5.61546407425e-07
5.36285963135e-07
6.56914329424e-07
9.02056920464e-07
1.14988351793e-06
1.44037955125e-06
1.75448979215e-06
1.97300383682e-06
2.0308543852e-06
1.98000396681e-06
1.63165372587e-06
1.100418031e-06
1.31876073034e-07
-7.24189269668e-07
-1.36153340342e-06
-1.56272425787e-06
-1.24268774463e-06
-1.08046202842e-06
-1.2072245181e-06
-1.29978462374e-06
-1.16989948306e-06
-8.6346478035e-07
-5.87520997303e-07
-3.79814695636e-07
-2.05428363828e-07
-1.53096996904e-07
-2.07301765732e-07
-2.34698814076e-07
-2.13920872467e-07
-1.78114127586e-07
-1.08794504894e-07
-3.19142815536e-08
3.45525574979e-08
-7.63014318554e-08
-3.19773686067e-07
-3.66109280749e-07
-2.63865727576e-07
7.39941058043e-08
7.29795125039e-07
1.28043606942e-06
1.5737344581e-06
1.78527495043e-06
1.55201565861e-06
9.70049441955e-07
-4.08730852454e-07
-1.03853057295e-06
-1.34910813246e-06
-1.57022593492e-06
-1.57340512514e-06
-1.46639484804e-06
-1.22641535499e-06
-9.25653601755e-07
-7.26210785167e-07
-5.21279147726e-07
-2.33296339211e-07
-1.45768237762e-08
1.83041441442e-08
-7.6487189183e-08
-1.77496521113e-07
-1.11961446811e-07
1.85702079056e-08
3.2186216987e-08
-1.4087763475e-07
-3.45140913917e-07
-3.71816152142e-07
-1.70413036289e-07
1.4758974553e-07
3.74827017121e-07
4.9157026336e-07
6.17275889487e-07
7.54302206985e-07
8.52660988816e-07
1.00833161392e-06
1.16659651348e-06
9.09500977659e-07
3.47591281427e-07
1.3266982762e-07
-7.02516631761e-07
-1.06053595696e-06
-1.22582503548e-06
-1.32102387763e-06
-1.18981183135e-06
-7.8055822085e-07
-6.7075499908e-07
-9.83268724428e-07
-1.13057736335e-06
-1.09530137949e-06
-9.3499627232e-07
-3.58651892885e-07
3.79614914737e-07
5.65603676697e-07
1.4259654607e-07
-2.25054919276e-07
-5.07858190903e-07
-8.63157057658e-07
-1.10962097743e-06
-9.93030715301e-07
-4.662936741e-07
9.9873639561e-08
3.70367658019e-07
3.97229061551e-07
3.30398399151e-07
4.89256330192e-07
9.29297037091e-07
1.4735599683e-06
1.86431983501e-06
1.68997258368e-06
1.05333201882e-06
-5.76434978298e-07
-1.50011096717e-06
-2.03457283982e-06
-2.10835706565e-06
-1.72452013259e-06
-1.25450079404e-06
-8.23549377495e-07
-4.16563403835e-07
-9.09126786316e-08
1.122284571e-07
2.58021899882e-07
3.76603963655e-07
5.14664879448e-07
6.20252275078e-07
4.92176952516e-07
2.24035357436e-07
1.33621119586e-07
1.64739441535e-07
1.34747205777e-07
1.06831970264e-07
1.58432936683e-07
5.90952346696e-08
-2.13038939751e-07
-3.39177658801e-07
-3.78242045744e-07
-3.81968486207e-07
-1.3512860528e-07
2.51318078647e-07
6.00369135696e-07
8.67359636062e-07
7.61345127507e-07
2.88911616861e-07
-2.0937931539e-07
-1.08091557422e-06
-1.41284447301e-06
-1.37475427741e-06
-1.19743824105e-06
-1.10327904126e-06
-1.128488063e-06
-1.28078679315e-06
-1.44248003447e-06
-1.41562396744e-06
-1.19076929262e-06
-8.99209181094e-07
-6.95223869112e-07
-6.30153415988e-07
-5.20995984343e-07
-3.25963407316e-07
-1.33632387562e-07
1.06974419723e-07
3.63725409482e-07
4.33742567388e-07
2.3633676517e-07
4.13821468261e-08
2.57757289041e-07
7.41334761391e-07
9.25178065488e-07
7.86052096849e-07
7.33289702152e-07
7.52931082757e-07
1.05115043149e-06
1.58300220375e-06
1.51084605712e-06
7.6873901223e-07
-2.37847965842e-07
-9.12585825378e-07
-1.2774956586e-06
-1.585759365e-06
-1.83276798486e-06
-2.04874402917e-06
-2.18744277265e-06
-2.20259688305e-06
-2.02692296965e-06
-1.73209096631e-06
-1.44181103745e-06
-1.13226442919e-06
-5.97707324535e-07
1.34441766598e-08
2.24615433639e-07
1.17062247315e-07
1.37002689822e-07
1.59962562129e-07
1.82195412041e-07
3.7889061384e-07
6.09898482369e-07
7.59940451981e-07
9.27933723863e-07
1.084105329e-06
1.18938359577e-06
1.20956355552e-06
1.17536261943e-06
1.18526566986e-06
1.26461509597e-06
1.35622934626e-06
1.07628972964e-06
5.13427328109e-07
6.19866294416e-07
-3.58826809312e-07
-1.14302658199e-06
-1.37298316908e-06
-1.05666453699e-06
-9.16152531806e-07
-1.02089069928e-06
-9.48305772886e-07
-7.41194219593e-07
-6.26446209662e-07
-7.03200062439e-07
-9.14479470577e-07
-1.10071678834e-06
-1.12263255752e-06
-1.01346945489e-06
-8.42981881126e-07
-7.37596276574e-07
-7.26501191361e-07
-6.66769093981e-07
-5.09184826804e-07
-2.41779782983e-07
4.58298173574e-08
1.40929868187e-07
1.70831876686e-07
3.77065017124e-07
6.63579891324e-07
9.68866474306e-07
1.40011047586e-06
1.76889828547e-06
1.89075624693e-06
1.71868685838e-06
1.3638695429e-06
-1.50623481269e-07
-9.3305041302e-07
-1.56161578787e-06
-1.72021580693e-06
-1.41949496485e-06
-1.34705249811e-06
-1.39220812149e-06
-1.2362154087e-06
-1.22592419169e-06
-1.24714679284e-06
-1.02329633579e-06
-7.978606044e-07
-6.87586681303e-07
-6.31333531059e-07
-5.72011541091e-07
-4.61642611643e-07
-2.38484374648e-07
2.12202351674e-08
1.51319047351e-07
1.91688416904e-07
2.95762240246e-07
5.30934693812e-07
8.37224573005e-07
1.11264586553e-06
1.2791788476e-06
1.27761738579e-06
1.15609794704e-06
1.00774336934e-06
8.55811678217e-07
8.32759637009e-07
7.70096936984e-07
4.95536035317e-07
8.6316862419e-08
-4.77934182182e-07
-7.41936006777e-07
-8.09419933655e-07
-7.66375614217e-07
-7.20426344833e-07
-6.97555176352e-07
-7.2596683224e-07
-8.09119417671e-07
-8.49013652053e-07
-7.48231111736e-07
-5.7586117387e-07
-4.44386945914e-07
-3.79266767586e-07
-4.39527517008e-07
-5.25530951698e-07
-4.5103785408e-07
-2.74842188558e-07
-3.06347950168e-08
1.44168267564e-07
2.15213475011e-07
2.76430843186e-07
2.84101983813e-07
2.03295263016e-07
5.75342317807e-08
-7.4839581933e-08
-3.77829243354e-08
2.75329617138e-07
7.38921536404e-07
1.03669057431e-06
9.43539259579e-07
6.2884362436e-07
-2.97501900507e-07
-6.82323631657e-07
-8.90700993879e-07
-1.06677515366e-06
-1.12325149956e-06
-1.14789816179e-06
-1.26699152794e-06
-1.50157934373e-06
-1.66180252366e-06
-1.54390407605e-06
-1.27757008287e-06
-9.77560198749e-07
-5.37725732079e-07
-2.48922639217e-09
3.53689432163e-07
4.00476776222e-07
2.75818595701e-07
1.16280860103e-07
3.27761624297e-08
1.4128097102e-07
3.54853846417e-07
4.71231811011e-07
4.77223267112e-07
4.27173762587e-07
4.19092748572e-07
5.58798923636e-07
7.40346301341e-07
8.38119805544e-07
8.87148437934e-07
8.93114679344e-07
6.34853044236e-07
1.84436330391e-07
6.22415268236e-08
-4.30866823529e-07
-7.23716709409e-07
-8.31357078162e-07
-7.32498496641e-07
-6.83564138018e-07
-7.62574073585e-07
-8.22353821911e-07
-8.44971105755e-07
-8.52973963517e-07
-7.84907618887e-07
-6.74252328599e-07
-5.91716943248e-07
-5.35787599639e-07
-4.33403909498e-07
-3.69897207178e-07
-3.98656746447e-07
-4.3614331906e-07
-3.37237584895e-07
-1.29552050662e-07
3.64040105988e-08
4.22463319722e-08
-4.64379871353e-08
-5.68990348661e-08
4.36141730058e-08
2.78933893435e-07
6.32054551636e-07
9.37218749622e-07
1.11887716415e-06
1.17263889658e-06
9.56654093203e-07
5.73215812081e-07
-6.93044422573e-07
-1.14501375708e-06
-1.33829640053e-06
-1.42876580016e-06
-1.42778108077e-06
-1.33045419819e-06
-1.01129392635e-06
-5.86463028396e-07
-3.80994475453e-07
-4.61172677707e-07
-5.71502196278e-07
-5.85565873368e-07
-5.27700052014e-07
-4.47768003719e-07
-3.27953071885e-07
-2.19200697153e-07
-1.48135019326e-07
-3.13924693284e-08
1.77155924775e-07
3.58778647875e-07
5.28231547335e-07
7.15219120468e-07
7.40667864757e-07
5.8537113753e-07
4.28775028377e-07
3.81659547541e-07
5.3765037303e-07
8.00204987854e-07
8.75691084288e-07
6.78667280149e-07
2.69472376003e-07
-1.79288266598e-07
-6.08088085206e-07
-1.02965426744e-06
-1.29082621819e-06
-1.2621720561e-06
-9.08462412857e-07
-6.67442173678e-07
-6.58503549595e-07
-7.15727156653e-07
-8.36045117958e-07
-9.45322078972e-07
-9.9544107217e-07
-8.73577672747e-07
-5.99252817352e-07
-4.08727771455e-07
-3.2598573929e-07
-9.14316956107e-08
2.53433212182e-07
3.64336843515e-07
2.21225983792e-07
1.6196335334e-07
2.59228019456e-07
4.38189799661e-07
6.20031120843e-07
7.51458680502e-07
7.88819248105e-07
7.57749808874e-07
6.73324444798e-07
4.971870854e-07
3.65541585305e-07
3.17174768214e-07
1.20179148323e-07
-1.87735565243e-07
-7.77664325082e-07
-1.10763425337e-06
-1.34582685957e-06
-1.5322864335e-06
-1.47299168326e-06
-1.22905024405e-06
-9.8045110885e-07
-7.93444164436e-07
-6.27141716737e-07
-4.2443126336e-07
-2.06565700335e-07
-6.43795663313e-08
-3.0475105708e-08
-5.35672383609e-08
-9.24645170191e-08
-4.76717226795e-08
1.11331093391e-07
2.85260030409e-07
3.73668578121e-07
3.87229108846e-07
4.21019253493e-07
4.92056251246e-07
5.33596534725e-07
4.92886758783e-07
4.40740712534e-07
4.38393234016e-07
4.22392617206e-07
4.01114030287e-07
3.66843417618e-07
2.29798033494e-07
-8.66641857692e-08
-4.19535317132e-07
-3.29513829394e-07
-7.14808718264e-07
-9.45734073031e-07
-9.46640542129e-07
-7.12746503275e-07
-4.96293344796e-07
-4.14832035765e-07
-4.15806982004e-07
-4.13438288911e-07
-3.71660766612e-07
-3.40662484735e-07
-3.79614767452e-07
-4.60791760287e-07
-5.08639235574e-07
-5.12404651054e-07
-4.36768547215e-07
-3.21477516341e-07
-2.40905503831e-07
-2.38124565198e-07
-2.36087499252e-07
-1.17484751204e-07
1.00981127259e-07
2.23199279369e-07
2.22021886504e-07
2.71681428418e-07
3.85002407662e-07
5.1515633823e-07
6.11443962124e-07
6.03965068085e-07
4.80130001992e-07
2.60450351741e-07
2.24839518356e-08
-3.49047475598e-08
-2.90357590189e-07
-4.08489784926e-07
-4.99995761057e-07
-5.4785378675e-07
-5.87541383909e-07
-6.23242585299e-07
-6.22792209936e-07
-6.06804398122e-07
-6.00470827295e-07
-5.76579297811e-07
-5.03280657379e-07
-3.89504464243e-07
-3.30079638936e-07
-3.59168162853e-07
-3.85847944503e-07
-3.60438195771e-07
-3.00217098594e-07
-2.39931532581e-07
-1.36685044167e-07
3.87284848151e-09
3.44034093003e-08
-6.42590187005e-08
-1.11609323288e-07
-3.22014985406e-08
1.19366191618e-07
2.8667512727e-07
4.32160782265e-07
5.61900484462e-07
6.55293263265e-07
5.45509031018e-07
2.82899313109e-07
-1.77736272385e-07
-3.84621763712e-07
-5.27381142568e-07
-6.85107709673e-07
-7.84902662353e-07
-8.28581777666e-07
-8.18574380097e-07
-7.67389828138e-07
-7.04256984864e-07
-6.91112617113e-07
-7.38535009396e-07
-7.39205847323e-07
-5.79930381971e-07
-3.31692463707e-07
-1.99816876762e-07
-1.54984768772e-07
-3.39481614917e-08
9.77624657244e-08
1.59171202226e-07
1.48092194584e-07
1.14607451228e-07
9.28802866606e-08
8.12743588519e-08
1.70825604943e-07
3.58218413142e-07
4.54148443503e-07
4.03298380883e-07
3.33561867458e-07
3.21507958303e-07
3.45852193912e-07
2.50364341854e-07
5.94593691518e-08
-1.96963823084e-07
-4.13122472065e-07
-5.20294583373e-07
-5.04205828485e-07
-3.70072203281e-07
-3.34319252197e-07
-4.40709563216e-07
-5.16288098954e-07
-5.13190460702e-07
-4.59408996048e-07
-4.08573536234e-07
-4.0535504553e-07
-4.31559246523e-07
-4.3728125526e-07
-4.1901014097e-07
-4.19965404979e-07
-4.46251079444e-07
-4.41939431364e-07
-3.58667219635e-07
-2.23963000589e-07
-8.88083745392e-08
1.64735955261e-08
9.07468651819e-08
1.4649570206e-07
2.16423932279e-07
2.99622056545e-07
3.5932956314e-07
3.62806857565e-07
3.72402802768e-07
4.0115160149e-07
2.97426404442e-07
7.05537709124e-08
-4.11457795783e-07
-5.90630153944e-07
-6.70620868947e-07
-6.48411197821e-07
-5.51008426227e-07
-4.59810898114e-07
-3.77766547342e-07
-3.01237759951e-07
-2.41409951713e-07
-2.08373939914e-07
-1.63897948349e-07
-7.91338493243e-08
-4.79156684606e-08
-8.47318769831e-08
-9.92555496387e-08
-9.89470620887e-08
-9.19558974893e-08
-8.55609039688e-08
-8.15335947331e-08
-4.60359846874e-08
-2.85539561657e-09
1.68002647552e-08
3.19460373984e-08
3.83728553864e-08
1.34719414275e-08
-3.48411965922e-08
-7.60028714662e-08
-1.00377536448e-07
-6.45608500778e-08
1.61719929435e-09
-4.05013370854e-08
-1.99791345121e-07
-2.39671586536e-07
-3.38802304122e-07
-3.72970375465e-07
-3.81981547508e-07
-3.69312025456e-07
-3.37932039174e-07
-2.92651526318e-07
-2.5330961615e-07
-2.49089901438e-07
-2.8098636658e-07
-3.30926942266e-07
-3.71165598766e-07
-3.64334509727e-07
-2.94819816217e-07
-1.95135969362e-07
-1.27040454506e-07
-9.26842174674e-08
-7.41713741533e-08
-8.5454071629e-08
-1.03486025644e-07
-8.99419355291e-08
-4.99864080193e-08
-1.60463433093e-08
-3.52431428324e-09
-1.03633447132e-08
-4.03714424753e-08
-8.58039347076e-08
-1.03511745359e-07
-5.47308710914e-08
2.01696378399e-08
-1.48252016303e-09
-1.08749588103e-07
-3.81779963926e-07
-4.30455489983e-07
-4.19738312416e-07
-4.0514348524e-07
-3.84394573792e-07
-3.51646126481e-07
-3.19208205429e-07
-2.88741009921e-07
-2.50178844305e-07
-2.09881601918e-07
-1.77452216567e-07
-1.52456336134e-07
-1.3217104736e-07
-1.2136595308e-07
-1.16206257598e-07
-1.10428764517e-07
-9.54810324998e-08
-7.22639003463e-08
-5.20177919506e-08
-3.56259758061e-08
-3.01809548698e-08
-4.93200191282e-08
-7.59158656805e-08
-6.49806968018e-08
-2.82057399347e-08
-2.52046758797e-08
-5.91868157353e-08
-8.92559194209e-08
-1.16020497752e-07
-1.52890484e-07
-2.17910710105e-07
-2.95696239731e-07
-1.92310072954e-07
-2.02551138499e-07
-2.04505416266e-07
-2.0954658178e-07
-2.17162108847e-07
-2.24937063795e-07
-2.30541436278e-07
-2.32545501182e-07
-2.32589151787e-07
-2.31279128086e-07
-2.28129316309e-07
-2.22971573982e-07
-2.16256620484e-07
-2.08460673469e-07
-1.99932154067e-07
-1.90657597372e-07
-1.80161993778e-07
-1.66765812222e-07
-1.48947627336e-07
-1.29626744468e-07
-1.15986542707e-07
-1.17283849285e-07
-1.3132813993e-07
-1.39889117673e-07
-1.38953637285e-07
-1.36988263737e-07
-1.37004245027e-07
-1.38482344332e-07
-1.41140061691e-07
-1.46536505217e-07
-1.61598046449e-07
-1.77449637466e-07
)
;

boundaryField
{
    top
    {
        type            zeroGradient;
    }
    ground
    {
        type            zeroGradient;
    }
    inlet
    {
        type            cyclic;
    }
    outlet
    {
        type            cyclic;
    }
    front
    {
        type            cyclic;
    }
    back
    {
        type            cyclic;
    }
}


// ************************************************************************* //
