/*--------------------------------*- C++ -*----------------------------------*\
| =========                 |                                                 |
| \\      /  F ield         | OpenFOAM: The Open Source CFD Toolbox           |
|  \\    /   O peration     | Version:  v2012                                 |
|   \\  /    A nd           | Website:  www.openfoam.com                      |
|    \\/     M anipulation  |                                                 |
\*---------------------------------------------------------------------------*/
FoamFile
{
    version     2.0;
    format      ascii;
    class       volScalarField;
    location    "5";
    object      p;
}
// * * * * * * * * * * * * * * * * * * * * * * * * * * * * * * * * * * * * * //

dimensions      [0 2 -2 0 0 0 0];


internalField   nonuniform List<scalar> 
4480
(
-92.3011951144
-90.269522125
-88.2121187613
-90.8525113618
-99.1558092193
-108.74843531
-119.582236473
-124.039481623
-129.251066203
-133.019304326
-135.894028311
-138.578971409
-141.098171538
-144.965975029
-144.437154421
-146.878869322
-150.005452743
-150.528356193
-157.604264926
-141.374931058
-166.490071686
-155.563548511
-157.484137408
-152.107890766
-140.198984157
-130.564993735
-121.827773172
-116.50867515
-108.43581476
-92.1339074947
-67.1674024192
-84.3138551065
-93.2604430113
-89.5273931702
-87.9395505225
-88.8445524496
-96.5595778941
-109.498975613
-119.9032894
-124.406580706
-129.562327509
-132.826569567
-135.930207463
-138.242229935
-141.499108909
-145.312331203
-144.30947546
-147.011353206
-149.95353857
-152.461112171
-154.15031398
-147.772255499
-161.030875601
-157.710708233
-157.116109237
-151.653442692
-140.204501132
-130.407526057
-121.928558511
-115.575890417
-108.017481637
-97.1546430561
-75.6089850923
-89.5419078042
-92.670982327
-88.6820302957
-87.4229860133
-86.7967395068
-93.7706522643
-110.731886157
-121.193638076
-124.665614314
-130.225483977
-132.649591358
-136.386953747
-137.716900324
-142.274487323
-145.388707178
-143.71510613
-146.82379651
-150.084043064
-153.103266232
-151.218509427
-153.136845148
-157.401065036
-161.653931847
-159.939621788
-152.391884661
-140.709182428
-130.818419542
-121.391446062
-112.987346493
-106.53293064
-103.1041687
-103.368379712
-95.7715315517
-93.5777693397
-88.8575170883
-86.380031662
-83.3713004955
-89.5247852238
-114.35935444
-122.145863679
-124.792383362
-131.391927864
-131.916294858
-137.175599184
-136.779339798
-143.270640949
-145.968389003
-143.119660187
-146.934935232
-150.621748773
-153.674209423
-151.293889156
-159.194028344
-155.203651165
-164.161639889
-164.880331563
-154.341103866
-141.542022564
-131.113700679
-119.393054548
-103.009235602
-110.579113301
-106.045921761
-114.009455178
-100.4425797
-94.6541771001
-89.0345191258
-84.8576162963
-79.6598513363
-81.9302783273
-120.571080873
-124.121443909
-124.111822307
-122.343430614
-129.307017394
-139.327169437
-134.149547465
-144.468145275
-149.925428839
-141.861235573
-146.46594442
-151.511801858
-154.285199422
-150.942553019
-160.243115974
-152.23252501
-163.389034678
-170.019960107
-155.16539778
-143.062377134
-131.738062509
-118.439071738
-96.1579343711
-116.333983334
-102.1094254
-107.472632847
-101.158711815
-95.2899924211
-89.2647055908
-82.7072756977
-74.5118486264
-67.7753765628
-129.379568389
-127.400291597
-124.013389037
-123.041600334
-127.500882279
-133.986823336
-135.461669773
-145.514188809
-152.598468264
-138.571610729
-145.91422447
-152.560267499
-155.071002006
-151.333962284
-154.944606218
-151.863536749
-163.541498618
-174.614928541
-155.512736197
-144.034583732
-132.505468762
-120.876530797
-101.71210638
-116.912560929
-90.5404698145
-107.358834118
-101.620733524
-96.8118889291
-90.0365806499
-79.9316679906
-67.8674228518
-48.8198232816
-145.775792959
-127.850857183
-124.062334023
-123.21452235
-126.544645547
-130.176342908
-135.411360765
-148.058887186
-156.39757499
-132.820771239
-146.41843505
-153.678464274
-156.122618675
-151.774439082
-152.521922126
-150.605816521
-162.671921549
-182.706729101
-152.595117142
-145.543091409
-133.0749729
-121.59599712
-112.359098353
-118.098115466
-130.360848891
-111.581351117
-102.305418633
-99.221055167
-91.2930428786
-77.8951726919
-63.2503226973
-22.7347761127
-179.288702714
-127.459511322
-123.233612941
-121.96472518
-125.724762145
-128.755445815
-134.99943321
-149.443640266
-168.935462418
-121.454765568
-147.267858789
-156.132085655
-157.566462665
-151.847134776
-150.670628912
-149.422068608
-161.986617495
-205.744822173
-150.63890462
-147.317375065
-133.67881923
-122.464733944
-116.528951283
-117.753480412
-124.037173371
-110.588743824
-102.91632458
-100.472256328
-93.1728384093
-76.844789602
-61.4007350746
-41.9556145141
-143.036657324
-123.005099718
-121.262877716
-120.937255921
-124.796877177
-127.582691512
-133.444189757
-149.667059313
-200.746704392
-109.19273599
-147.591145754
-159.338101923
-159.414408398
-151.722966916
-148.39769523
-147.498901097
-157.592242257
-184.57294589
-183.447166288
-149.300375156
-133.931908672
-122.422472388
-119.635443907
-117.297149464
-118.452870971
-107.259743305
-103.596912419
-102.304725595
-94.9832219187
-76.6589476493
-57.8689191783
-52.8294835005
-114.081123175
-118.699594753
-119.219165917
-120.347060574
-123.581421917
-125.746349121
-131.954108639
-146.789268192
-173.893940562
-122.780934189
-152.391129409
-168.168819675
-161.846963007
-150.746193236
-144.465358714
-144.739039544
-147.070844028
-171.277527227
-229.666762586
-149.413380639
-132.629531667
-120.582426436
-121.485554473
-116.301530883
-112.586248399
-101.889112516
-106.082351006
-105.6477052
-97.6409296842
-77.3828783652
-49.1593551127
-64.1078456095
-105.491904885
-113.619763885
-117.833529841
-119.721878413
-122.073217373
-123.921968643
-130.24038684
-142.837862386
-158.049059915
-130.008880036
-157.804404164
-179.3707006
-164.64359059
-149.476789078
-142.656407682
-140.52404268
-137.844507322
-155.610709196
-275.472095512
-144.342410058
-131.930661315
-117.64555
-122.190612312
-115.714851654
-110.780967239
-96.5327283541
-108.810101506
-108.342694096
-101.437896327
-81.1797208962
-25.582692919
-73.5524973358
-100.669836791
-111.064068268
-117.281397562
-119.063535991
-119.908146347
-122.40024406
-127.875555346
-137.888797025
-143.6119934
-135.469028038
-164.151111202
-172.604839776
-167.387736587
-147.768785657
-140.431946937
-135.218515791
-133.370209179
-135.890823805
-22.0824112755
-126.220733691
-129.427181402
-116.128351142
-122.441703208
-114.976643021
-111.687515375
-98.9604380904
-108.612545423
-108.156271117
-103.508836231
-88.6204517847
-28.7854989577
-88.9541494604
-101.837231428
-116.178144273
-117.019370983
-117.635002543
-118.058013981
-120.986151557
-125.659417766
-132.359099089
-137.050417327
-137.110542794
-166.798888725
-199.608015412
-168.81871067
-144.30357656
-135.779953581
-130.359627279
-128.156840366
-123.498716298
-50.6801664715
-114.333329977
-124.278541071
-115.247576404
-121.600663826
-114.815728028
-114.022956382
-115.810384061
-108.991357143
-108.214276333
-103.047725672
-98.2909336982
-119.814954782
-106.66784021
-113.391082074
-118.006969109
-116.194633312
-116.650351539
-118.767633154
-119.885207703
-123.073825103
-127.915013306
-132.969292324
-136.42809858
-161.830508268
-211.067442086
-167.946510256
-139.801567177
-133.118526701
-127.447508253
-123.840634582
-118.397694035
-69.0125264244
-113.189049849
-121.967307696
-114.797685324
-118.605602264
-114.596518546
-115.098318869
-116.674784059
-110.331404883
-108.67517008
-105.734263604
-104.182873909
-170.492519187
-116.266769326
-119.009005316
-117.420695483
-115.202567673
-116.181591938
-116.978625384
-118.721969261
-120.026726991
-124.313044016
-128.998153742
-134.577668952
-159.789215702
-193.829537397
-162.103549242
-136.687129661
-130.369587074
-125.503326111
-121.459864864
-114.093391064
-90.7558234322
-113.176808185
-120.337098652
-116.361446149
-114.915557819
-112.728634135
-114.622414283
-114.89338173
-110.142379417
-108.85023951
-109.66591197
-105.440955531
-152.008679199
-119.144687689
-116.709838535
-116.580317363
-115.074248402
-115.34159631
-116.108796099
-117.851465308
-118.594213743
-121.399810474
-125.251228887
-131.268161317
-153.643821853
-171.353083605
-152.628035515
-132.831006805
-126.508877399
-123.701946422
-119.48155417
-112.476307014
-97.7559307786
-114.645821328
-118.207195548
-117.462948791
-112.002024601
-111.386886806
-113.765804952
-113.440220988
-109.424806856
-108.805044617
-113.291699693
-103.230493358
-146.128930882
-119.211183479
-115.140616582
-116.246572585
-115.419072764
-114.96590561
-115.410179244
-116.953939168
-117.609940637
-119.148877154
-122.858795556
-126.847175692
-144.493024086
-154.327623976
-144.021643673
-127.325087196
-122.846184809
-122.001701653
-118.180534923
-111.918874639
-101.450158091
-116.946054
-116.129124671
-114.951442089
-110.960862543
-111.251736489
-112.98745697
-112.13409872
-109.024313409
-108.210719221
-119.227501995
-108.803878487
-130.292435368
-117.851307343
-114.381085009
-115.265739943
-114.783367137
-114.573804658
-114.785946917
-115.431830715
-116.414493517
-117.45501417
-120.82987531
-122.790535079
-131.813240421
-141.719138653
-136.213783228
-123.765470175
-120.368316845
-120.955520677
-117.079723745
-111.593949353
-104.165932383
-106.607218374
-114.396310382
-113.743650043
-112.686709166
-111.4021788
-112.29680426
-111.502452115
-108.770429329
-106.89492855
-108.010337336
-110.381205444
-121.4107019
-116.332925508
-113.645582684
-114.37102578
-113.976504152
-113.904504103
-114.167270522
-114.686899207
-115.142869745
-115.992241963
-118.502202516
-120.501846129
-126.054730913
-134.66091803
-127.252576847
-120.059230931
-118.590383417
-120.357267295
-113.398792691
-111.301530201
-107.687345059
-109.229957439
-113.226560044
-113.038906932
-112.237300125
-111.596186544
-111.996690076
-111.037680344
-108.847772084
-106.773754101
-113.38428071
-111.100976783
-116.362744795
-115.025426265
-113.141985464
-113.51910646
-113.298674322
-113.204203962
-113.519805897
-113.951499937
-114.453281144
-115.140451239
-116.451324899
-118.659889667
-122.681706818
-130.868881945
-118.899477042
-117.576393612
-116.745299255
-112.630277066
-112.80913993
-111.082232742
-109.703149384
-110.225696123
-112.389163243
-112.327632887
-111.831987796
-111.617212319
-111.832739114
-110.767062155
-109.180542433
-108.239000217
-112.619657612
-111.491918773
-113.94100829
-113.972578026
-112.769666238
-112.822323076
-112.818324009
-112.854572591
-113.088726161
-113.471339281
-113.960340537
-114.446135124
-115.214208243
-116.742212862
-120.213544129
-127.135174988
-112.109174918
-116.028203547
-115.110733132
-112.629983018
-112.307143366
-110.663559948
-110.899224413
-110.818108572
-111.853417524
-111.969221197
-111.744090842
-111.614888996
-111.734563708
-110.592620645
-109.907679802
-109.974943952
-111.424766664
-111.56741528
-112.666377602
-113.196937109
-112.5277652
-112.485774392
-112.503100455
-112.678442734
-112.835227093
-113.167150433
-113.53573991
-113.86126639
-114.42837339
-115.224418201
-117.42691919
-118.517248169
-112.873845067
-114.714974215
-114.140157232
-112.582250814
-112.085649032
-110.556020153
-111.758625424
-111.313391227
-111.631567
-111.822738552
-111.530059475
-111.608265345
-111.700710147
-110.525560255
-110.250033409
-110.534155415
-111.196796021
-111.582534194
-112.327382916
-112.293296455
-112.364758702
-112.30323973
-112.385958541
-112.522255512
-112.648620339
-112.923647699
-113.201269149
-113.577702194
-113.980816433
-114.645023067
-115.881376559
-115.99068095
-113.417409279
-113.777958307
-113.516253619
-112.537071309
-112.037668608
-111.223278765
-111.760898459
-111.482702522
-111.548230242
-111.666558555
-111.488815889
-111.593805132
-111.727131663
-110.418015486
-110.462071991
-110.723528659
-111.15921654
-111.584819042
-112.14280801
-112.204419632
-112.262597579
-112.255528028
-112.334676453
-112.453308219
-112.602340716
-112.840218441
-113.099049143
-113.449610229
-113.79789094
-114.37066967
-115.140247778
-114.972426695
-113.626209254
-113.496890705
-113.20317747
-112.505241159
-112.012510888
-111.671581498
-111.638000796
-111.559021871
-111.525596872
-111.597996619
-111.411306451
-111.577143741
-111.8420256
-110.323591732
-110.566574345
-110.828336282
-111.163345586
-111.570711884
-112.014584055
-112.125435821
-112.194365108
-112.219164349
-112.298753487
-112.416010016
-112.572417245
-112.793016435
-113.046597938
-113.3662748
-113.677358562
-114.155523585
-114.707670064
-114.525158042
-113.630782814
-113.38511643
-113.003291348
-112.483173794
-112.023770151
-111.800986391
-111.622968613
-111.578345947
-111.515618648
-111.563625032
-111.400305672
-111.501959012
-111.564936822
-110.578901334
-110.657510347
-110.902594099
-111.17742947
-111.544042511
-111.910485644
-112.049625853
-112.131836636
-112.17952962
-112.264291854
-112.381878477
-112.538006179
-112.746335317
-112.992201125
-113.279612817
-113.57973742
-113.984860966
-114.383747025
-114.222146994
-113.56989053
-113.286178382
-112.901659332
-112.452717423
-112.030183549
-111.838082757
-111.626884464
-111.573142268
-111.51207736
-111.527419526
-111.387952756
-111.450600587
-111.4136682
-110.743459504
-110.750196016
-110.966852648
-111.192142181
-111.514519244
-111.823866808
-111.976179971
-112.069782468
-112.13524349
-112.225115601
-112.343500445
-112.497214794
-112.694594464
-112.92731012
-113.193535102
-113.473778594
-113.810935839
-114.099766665
-113.965128718
-113.474631569
-113.174726818
-112.812477531
-112.413764324
-112.031663851
-111.850064913
-111.631460804
-111.561913671
-111.502870115
-111.49741197
-111.369648053
-111.412823171
-111.313734943
-110.85770839
-110.829826766
-111.009364077
-111.206555414
-111.484486572
-111.74911631
-111.905603129
-112.007938835
-112.086828858
-112.181269643
-112.300245024
-112.450524642
-112.637509422
-112.85590669
-113.098429165
-113.357805239
-113.63663225
-113.844837645
-113.733864569
-113.354524272
-113.061347788
-112.726203728
-112.367405009
-112.028273554
-111.843132783
-111.636401191
-111.548734168
-111.488428815
-111.466642103
-111.353696921
-111.35355565
-111.253044292
-110.93553484
-110.896800438
-111.043027894
-111.215835113
-111.453865262
-111.683132832
-111.837844204
-111.946139569
-112.034927145
-112.133187807
-112.252155046
-112.397994946
-112.57491645
-112.777662907
-113.00001222
-113.232871631
-113.464298583
-113.613488467
-113.521359879
-113.22336195
-112.947137206
-112.63932522
-112.316060218
-112.015801988
-111.822007373
-111.63575157
-111.535320976
-111.472302721
-111.430752056
-111.336905733
-111.307883693
-111.211596652
-110.987083235
-110.950203845
-111.067840811
-111.218639434
-111.422918069
-111.623077052
-111.772652615
-111.884168869
-111.979811029
-112.080862824
-112.199110192
-112.339780068
-112.506641529
-112.694224022
-112.896516417
-113.102977737
-113.294082584
-113.401391802
-113.323503667
-113.084539722
-112.831485321
-112.55109047
-112.259611991
-111.991653957
-111.797079792
-111.627420255
-111.519889593
-111.449776724
-111.396081158
-111.316960072
-111.267895386
-111.182330853
-111.020866208
-110.990346785
-111.084674422
-111.2154652
-111.391357587
-111.56690165
-111.709624787
-111.821775206
-111.921752291
-112.024356965
-112.141128943
-112.276236594
-112.432815083
-112.605801327
-112.788599907
-112.969747843
-113.126897442
-113.204396016
-113.137525969
-112.942510629
-112.714375809
-112.460769151
-112.198124489
-111.957453483
-111.768035823
-111.610759811
-111.499628783
-111.424826336
-111.363051238
-111.29236736
-111.233290932
-111.158454169
-111.04091239
-111.018360665
-111.093003376
-111.206446927
-111.358355972
-111.513529608
-111.64756322
-111.758731116
-111.860858491
-111.963775662
-112.078309699
-112.207478626
-112.353770095
-112.512562617
-112.67671612
-112.834406097
-112.963280781
-113.019519946
-112.961080146
-112.7992367
-112.596007537
-112.368021956
-112.131786486
-111.914499992
-111.73390505
-111.586352714
-111.475183333
-111.396333278
-111.329945932
-111.26360859
-111.203245582
-111.13604936
-111.050316886
-111.035351118
-111.093462825
-111.191812002
-111.323707231
-111.461196726
-111.586221246
-111.694937308
-111.797076523
-111.899221814
-112.010766136
-112.133646475
-112.269795162
-112.41483097
-112.56144565
-112.69783801
-112.803371143
-112.844121029
-112.792485119
-112.656285107
-112.476575425
-112.272685377
-112.060697873
-111.863984004
-111.694099189
-111.555044065
-111.445951873
-111.364480535
-111.29600673
-111.232360442
-111.173280479
-111.113621922
-111.051568266
-111.042574043
-111.086209524
-111.17172844
-111.286622541
-111.408846456
-111.524928198
-111.63006131
-111.730359409
-111.83088726
-111.938505399
-112.054925852
-112.181132274
-112.312973262
-112.443250637
-112.560670624
-112.647019376
-112.676428425
-112.63034739
-112.514400312
-112.356253323
-112.17472134
-111.984950574
-111.806563817
-111.648549295
-111.517399266
-111.411512036
-111.329256063
-111.26034698
-111.198734687
-111.142447503
-111.090255869
-111.044972152
-111.040798611
-111.071602509
-111.146198704
-111.246823506
-111.355670271
-111.463001171
-111.563504037
-111.660907676
-111.758714785
-111.86180253
-111.971537533
-112.088035389
-112.207341618
-112.322576459
-112.423304221
-112.49393604
-112.514917413
-112.47355699
-112.373954375
-112.235209989
-112.074142049
-111.904590261
-111.742950719
-111.597115197
-111.473709942
-111.371871605
-111.290400327
-111.22219132
-111.1626952
-111.110043136
-111.064526777
-111.031181528
-111.030723672
-111.049938286
-111.115295994
-111.203711956
-111.300920241
-111.39974652
-111.494959185
-111.588574379
-111.682758315
-111.78084659
-111.883654603
-111.990753376
-112.098269677
-112.199783287
-112.285972688
-112.343744433
-112.358434852
-112.321162203
-112.235010752
-112.113507888
-111.970975479
-111.819841271
-111.6736691
-111.539759776
-111.424213088
-111.327059481
-111.247603526
-111.180973796
-111.124005215
-111.075153643
-111.035599856
-111.010700677
-111.012964458
-111.021493985
-111.07900926
-111.156984386
-111.243934358
-111.334644996
-111.424085901
-111.513223971
-111.603061453
-111.695727085
-111.79152814
-111.889528192
-111.986060824
-112.075158138
-112.148780099
-112.196037087
-112.206007823
-112.172356735
-112.097473724
-111.99117921
-111.86537054
-111.730912297
-111.599079329
-111.476635811
-111.369065322
-111.277095078
-111.200579912
-111.136239664
-111.082063959
-111.037068055
-111.002667078
-110.983773483
-110.988077317
-110.986436829
-111.037310508
-111.106240435
-111.184134185
-111.267144737
-111.350555408
-111.43470803
-111.519638737
-111.606577033
-111.695323342
-111.784585539
-111.870916654
-111.948976315
-112.011747471
-112.050395405
-112.05682413
-112.026426051
-111.961128953
-111.868189069
-111.757364181
-111.637983591
-111.519425053
-111.407947079
-111.30836215
-111.221964742
-111.149078358
-111.087607212
-111.036519567
-110.995226645
-110.96523704
-110.950757119
-110.956209056
-110.945099897
-110.990150188
-111.051194793
-111.121056029
-111.196748721
-111.274065921
-111.352860708
-111.432486748
-111.513485814
-111.595217193
-111.676160593
-111.753108115
-111.821309423
-111.874805585
-111.906409651
-111.910191397
-111.882741604
-111.825703273
-111.744457659
-111.647015781
-111.541237353
-111.434965204
-111.333865284
-111.242197529
-111.161637491
-111.092873476
-111.034731951
-110.986912238
-110.94913549
-110.922894013
-110.911532901
-110.917678225
-110.897477979
-110.937440263
-110.991574409
-111.054262897
-111.123037768
-111.194310303
-111.267502612
-111.341586882
-111.416525094
-111.491366275
-111.564441628
-111.632793168
-111.692250079
-111.737836546
-111.76365881
-111.765497636
-111.740783254
-111.690827993
-111.619863328
-111.534347926
-111.440820859
-111.345870601
-111.254547535
-111.170646933
-111.096069805
-111.03176338
-110.977286888
-110.93282425
-110.898365253
-110.875320078
-110.866169241
-110.872570667
-110.843483724
-110.879083933
-110.927135147
-110.983373966
-111.045649849
-111.110991621
-111.178475359
-111.24689642
-111.315755832
-111.383894727
-111.449574229
-111.510089342
-111.561813264
-111.600586686
-111.621806025
-111.622206258
-111.599990604
-111.556225351
-111.494286892
-111.419327482
-111.336833185
-111.252279587
-111.170126327
-111.093769284
-111.025209853
-110.965566055
-110.914970565
-110.873885022
-110.842544356
-110.822231805
-110.814697861
-110.821136084
-110.783257117
-110.81501049
-110.85765831
-110.90805809
-110.964257105
-111.023833318
-111.085620083
-111.148360244
-111.211211646
-111.272896844
-111.331663922
-111.38506689
-111.429977326
-111.462950481
-111.480398112
-111.479785252
-111.459870822
-111.421548503
-111.367525782
-111.30193306
-111.229341766
-111.154297369
-111.080705456
-111.011603558
-110.948998577
-110.894118011
-110.847505824
-110.8097686
-110.781351957
-110.763373375
-110.757054255
-110.763318321
-110.716812012
-110.74511459
-110.782945302
-110.828026475
-110.878564571
-110.932582689
-110.988781192
-111.045910468
-111.102902142
-111.158429716
-111.210774982
-111.257748112
-111.29667017
-111.324705767
-111.339054621
-111.337762263
-111.319969754
-111.286447701
-111.239379187
-111.182094787
-111.118364898
-111.051995132
-110.986357263
-110.924167839
-110.867375412
-110.817267242
-110.774642071
-110.740191351
-110.71451043
-110.698541152
-110.693161979
-110.699093409
-110.64412863
-110.669272694
-110.702810779
-110.743025858
-110.788305555
-110.837007949
-110.887803707
-110.939465567
-110.990812314
-111.040513986
-111.086928478
-111.128109952
-111.161777102
-111.185608247
-111.197410131
-111.195689779
-111.179854543
-111.150576254
-111.109624759
-111.059699318
-111.003898202
-110.945406587
-110.887124756
-110.831466682
-110.780278272
-110.734863704
-110.696158391
-110.664905709
-110.641778688
-110.627566745
-110.622934162
-110.628409423
-110.565127832
-110.587396946
-110.617079907
-110.652831256
-110.693239051
-110.736900312
-110.782527345
-110.828932337
-110.874901109
-110.91913643
-110.960104597
-110.996084966
-111.025146866
-111.04539458
-111.055103186
-111.053144019
-111.039110101
-111.013589252
-110.978024421
-110.934611117
-110.885893045
-110.834535562
-110.783020166
-110.733484848
-110.687640472
-110.646769824
-110.611863665
-110.583691529
-110.562945384
-110.550291945
-110.546259803
-110.551217081
-110.479718599
-110.499381288
-110.525580773
-110.557244158
-110.593144932
-110.632065972
-110.672795237
-110.714204811
-110.75510178
-110.794250072
-110.830240306
-110.86156743
-110.886594621
-110.903785425
-110.911776218
-110.909717714
-110.897335658
-110.875143876
-110.84432596
-110.806669873
-110.764269655
-110.719350721
-110.674030106
-110.630188253
-110.589388059
-110.552859813
-110.521590901
-110.496353638
-110.477823479
-110.466571601
-110.463031403
-110.467452856
-110.387804775
-110.405111327
-110.428154162
-110.456079451
-110.487823241
-110.522320234
-110.558451577
-110.595164042
-110.631321325
-110.665772489
-110.697237914
-110.724411725
-110.745910999
-110.760489472
-110.7670713
-110.76501376
-110.754140011
-110.734898598
-110.708263091
-110.675693343
-110.638918933
-110.599790123
-110.56011052
-110.521525244
-110.485440906
-110.453014269
-110.42518983
-110.402722779
-110.386249216
-110.376270094
-110.373143321
-110.377038302
-110.289308628
-110.304448819
-110.324645498
-110.349163902
-110.377087805
-110.407485641
-110.439337802
-110.471676912
-110.503444324
-110.533589039
-110.560964259
-110.584441816
-110.602859798
-110.615205111
-110.62062804
-110.618642367
-110.609140194
-110.592512183
-110.569558789
-110.541485092
-110.509699732
-110.475761618
-110.441193519
-110.407426712
-110.375712601
-110.347118513
-110.322523654
-110.302648594
-110.288078651
-110.279259957
-110.276490266
-110.279888424
-110.184102454
-110.197297724
-110.214912974
-110.236333038
-110.260763542
-110.287389113
-110.315292501
-110.343595852
-110.371331988
-110.397556818
-110.421252228
-110.441453261
-110.457181665
-110.467618125
-110.472084309
-110.470219196
-110.461958794
-110.447642104
-110.42793056
-110.403814788
-110.376453379
-110.347149639
-110.317188101
-110.287807158
-110.260108717
-110.235060606
-110.21346501
-110.195995659
-110.183180878
-110.175422005
-110.172968207
-110.175907168
-110.072090599
-110.08352927
-110.098813948
-110.117428531
-110.138681869
-110.161859365
-110.186147865
-110.210758626
-110.234823425
-110.257503961
-110.277907936
-110.295212808
-110.308598214
-110.317400678
-110.321078662
-110.319363047
-110.312220827
-110.299943206
-110.283080075
-110.262447576
-110.238995652
-110.213811701
-110.187980403
-110.162564481
-110.138525692
-110.116728407
-110.097894023
-110.082638331
-110.071434808
-110.064643374
-110.062474293
-110.064997268
-109.953162397
-109.963023254
-109.976212256
-109.992296759
-110.0106769
-110.030724506
-110.051729885
-110.072989657
-110.093736808
-110.113234546
-110.130709936
-110.145464002
-110.156812787
-110.164216427
-110.167243888
-110.165693159
-110.159552257
-110.149069196
-110.134701168
-110.11713162
-110.097120611
-110.075584366
-110.053435665
-110.031580217
-110.010850875
-109.992008169
-109.975693177
-109.96245936
-109.952726488
-109.946815869
-109.944906638
-109.947057515
-109.827206771
-109.835657494
-109.846973187
-109.860787357
-109.876581576
-109.893810304
-109.91185582
-109.930099307
-109.947870966
-109.964530284
-109.97941401
-109.99193037
-110.001512824
-110.007719787
-110.010209616
-110.008828602
-110.003578804
-109.994670653
-109.982483162
-109.96759754
-109.950604805
-109.932284297
-109.91340045
-109.894721274
-109.876960825
-109.860782047
-109.846746416
-109.835344565
-109.826945413
-109.821833457
-109.820162458
-109.821984071
-109.694111157
-109.701309065
-109.710957668
-109.722746985
-109.736229661
-109.750937069
-109.766334223
-109.781883893
-109.797006996
-109.811151829
-109.823755342
-109.834318073
-109.842370287
-109.847555636
-109.849600621
-109.84838718
-109.843926716
-109.836395247
-109.826101458
-109.813569498
-109.799208143
-109.78370833
-109.767703157
-109.751838639
-109.736722582
-109.722925677
-109.71093547
-109.701179861
-109.693982221
-109.689590485
-109.688138151
-109.689671189
-109.553759515
-109.559850683
-109.568024716
-109.57801788
-109.589449855
-109.601918331
-109.6149642
-109.628126712
-109.640909712
-109.652842472
-109.663449779
-109.672314016
-109.679047532
-109.683361673
-109.685037842
-109.683985021
-109.680219964
-109.673890753
-109.665257437
-109.654726853
-109.642671289
-109.629637383
-109.61615627
-109.602769342
-109.589990931
-109.578306989
-109.56813697
-109.559850079
-109.553726243
-109.549979916
-109.548727521
-109.55000952
-109.406031111
-109.411151924
-109.418025807
-109.426438733
-109.436064382
-109.446559293
-109.45753457
-109.468597559
-109.479328156
-109.489327906
-109.498198489
-109.505593867
-109.511195398
-109.514767862
-109.516138037
-109.515235365
-109.512078641
-109.506792129
-109.499591592
-109.490792881
-109.480731263
-109.469839139
-109.458556887
-109.447336081
-109.436608667
-109.426784657
-109.418221391
-109.41123373
-109.406061986
-109.402890676
-109.401819538
-109.402884618
-109.250797433
-109.255071233
-109.26081196
-109.2678425
-109.275887122
-109.284656525
-109.293822508
-109.303053722
-109.311997109
-109.320319584
-109.327689177
-109.333820709
-109.338454027
-109.341397554
-109.34251395
-109.341748344
-109.339119961
-109.334731532
-109.328760756
-109.321458201
-109.313111333
-109.304067009
-109.294688132
-109.285347777
-109.27640636
-109.268206231
-109.261049874
-109.255201991
-109.250868037
-109.248204158
-109.247296214
-109.24817564
-109.087922663
-109.091463968
-109.096219983
-109.102051385
-109.108724536
-109.115996533
-109.123594105
-109.131239204
-109.138638844
-109.145515925
-109.151597025
-109.156647589
-109.160456583
-109.162868307
-109.163774361
-109.163131666
-109.160958609
-109.157339773
-109.152420056
-109.146400485
-109.139521053
-109.13206135
-109.124318602
-109.11659914
-109.109201054
-109.102407811
-109.096472886
-109.091617031
-109.088013801
-109.085794271
-109.085031839
-109.08575335
-108.917260544
-108.920173795
-108.924078166
-108.928879092
-108.934371844
-108.940355196
-108.946603611
-108.95288651
-108.958962674
-108.96460344
-108.969585897
-108.973717495
-108.976828344
-108.978792464
-108.979524412
-108.978990396
-108.977207049
-108.97424344
-108.970217209
-108.965290561
-108.959659558
-108.953549973
-108.947204062
-108.940871215
-108.934796554
-108.929212517
-108.92432938
-108.920329433
-108.917358099
-108.915524295
-108.914890141
-108.91547836
-108.738651841
-108.741029771
-108.744206749
-108.748127958
-108.752612494
-108.757496197
-108.762593985
-108.76771656
-108.77266703
-108.777258535
-108.781310167
-108.784665692
-108.787188886
-108.788778219
-108.789366424
-108.788926952
-108.787474629
-108.785065349
-108.781794293
-108.777791691
-108.773216202
-108.768249312
-108.763087347
-108.757931937
-108.752982986
-108.748429431
-108.744444431
-108.741176625
-108.738747068
-108.737244795
-108.736722425
-108.737198652
-108.551923349
-108.553848871
-108.556411697
-108.559588146
-108.563219184
-108.567171981
-108.571296634
-108.575438858
-108.579439569
-108.583147162
-108.586416368
-108.589120868
-108.591152328
-108.592429353
-108.59289925
-108.592541283
-108.591367987
-108.58942436
-108.586787021
-108.583559827
-108.579870407
-108.575863978
-108.571697854
-108.567534518
-108.563535144
-108.559852752
-108.556627755
-108.55398094
-108.552011413
-108.550791597
-108.55036533
-108.550748066
-108.356886137
-108.358429224
-108.360488678
-108.363036679
-108.365950304
-108.369121716
-108.372430057
-108.375751221
-108.378957269
-108.381926239
-108.384542709
-108.386704846
-108.388327657
-108.389346234
-108.389719234
-108.389430549
-108.388490624
-108.386935344
-108.384825905
-108.382244834
-108.37929364
-108.376087871
-108.372752989
-108.369418476
-108.366213744
-108.363261003
-108.360673557
-108.358548582
-108.356966114
-108.35598463
-108.355640147
-108.355944811
-108.153338035
-108.154561907
-108.15620914
-108.158232875
-108.160549047
-108.163070561
-108.165700519
-108.168339695
-108.170886517
-108.17324356
-108.17531961
-108.177034015
-108.178319675
-108.179125528
-108.179419527
-108.179189054
-108.178442585
-108.177208637
-108.175535646
-108.17348861
-108.171147768
-108.168604311
-108.165957579
-108.16330992
-108.160764245
-108.158417627
-108.156360183
-108.154669386
-108.153409507
-108.152626902
-108.152351061
-108.152591421
-107.941059443
-107.942022728
-107.943324401
-107.944918583
-107.946743289
-107.948729644
-107.950801205
-107.952879227
-107.954883984
-107.956738372
-107.958371069
-107.959718585
-107.960728474
-107.961360642
-107.961590647
-107.961408245
-107.960820728
-107.959850625
-107.958535323
-107.956926053
-107.955085617
-107.953085403
-107.951003447
-107.948920226
-107.946916276
-107.945068437
-107.943447353
-107.942114574
-107.94112075
-107.9405029
-107.940284188
-107.940472302
-107.719809043
-107.720560631
-107.721577637
-107.722821875
-107.724245933
-107.725795872
-107.727412047
-107.729032724
-107.730595988
-107.732041397
-107.733313573
-107.734363047
-107.735149119
-107.73564087
-107.735819152
-107.735676541
-107.735218475
-107.734462539
-107.733437989
-107.732184362
-107.730750716
-107.729192275
-107.727569886
-107.725945992
-107.724383354
-107.722941795
-107.72167674
-107.720636181
-107.719859992
-107.71937691
-107.719205385
-107.719351316
-107.489325717
-107.489906601
-107.490692787
-107.491654406
-107.492754819
-107.49395201
-107.495200336
-107.496452003
-107.497659022
-107.49877496
-107.499756703
-107.500566195
-107.501172424
-107.501551244
-107.50168832
-107.501577943
-107.501224308
-107.500640791
-107.49985031
-107.498883191
-107.497777079
-107.496574624
-107.495322504
-107.494068649
-107.492862077
-107.491748576
-107.490771162
-107.489966939
-107.489366746
-107.488993008
-107.488859871
-107.488972243
-107.249327232
-107.24977165
-107.250373106
-107.251108648
-107.251950394
-107.252865929
-107.253820479
-107.25477721
-107.255699826
-107.256552475
-107.257302425
-107.257920787
-107.258383588
-107.258672666
-107.258776929
-107.258692318
-107.258421979
-107.25797637
-107.257372493
-107.25663378
-107.255788802
-107.254870159
-107.2539133
-107.252955259
-107.252032937
-107.251181592
-107.250434111
-107.249818883
-107.249359609
-107.249073283
-107.248971199
-107.249056867
-106.999511387
-106.999847607
-107.000302767
-107.000859556
-107.001496607
-107.002189464
-107.002911525
-107.003635244
-107.004332962
-107.004977698
-107.005544629
-107.006012006
-107.006361801
-107.006580148
-107.00665879
-107.00659464
-107.006390212
-107.006053091
-107.005596597
-107.005037986
-107.004399301
-107.003704755
-107.002981321
-107.002256755
-107.001559193
-107.000915145
-107.000349435
-106.999883777
-106.999536095
-106.999319422
-106.999242067
-106.999306876
-106.739554343
-106.739805883
-106.740146524
-106.74056312
-106.741039966
-106.741558403
-106.7420987
-106.742640104
-106.743162067
-106.743644276
-106.744068215
-106.744417674
-106.744679145
-106.744842316
-106.744900946
-106.744852754
-106.744699793
-106.744447703
-106.744106307
-106.743688687
-106.743211034
-106.742691625
-106.742150555
-106.741608753
-106.741087033
-106.740605009
-106.740181732
-106.739833217
-106.739572989
-106.739410943
-106.739352967
-106.739401356
-106.46911008
-106.469296137
-106.469548154
-106.469856375
-106.470209033
-106.470592497
-106.470992095
-106.471392401
-106.471778435
-106.472134865
-106.472448272
-106.47270658
-106.472899808
-106.473020252
-106.473063524
-106.473027913
-106.472914803
-106.472728605
-106.472476364
-106.472167591
-106.471814482
-106.471430351
-106.471030287
-106.470629549
-106.47024377
-106.46988754
-106.469574438
-106.469316745
-106.469124158
-106.469004143
-106.468961223
-106.468996943
-106.187810651
-106.187946638
-106.188130908
-106.188356097
-106.188613842
-106.188894102
-106.189186158
-106.189478808
-106.189760796
-106.19002128
-106.190250209
-106.190438754
-106.190579881
-106.19066783
-106.19069955
-106.190673418
-106.190590782
-106.190454658
-106.190270372
-106.190044914
-106.189786836
-106.189506266
-106.18921398
-106.188921273
-106.18863932
-106.188378946
-106.188150182
-106.187961697
-106.187820984
-106.187733208
-106.1877019
-106.187728051
-105.895266171
-105.895364319
-105.895497488
-105.895660006
-105.895846185
-105.896048586
-105.896259599
-105.896470919
-105.896674426
-105.896862414
-105.897027613
-105.89716356
-105.897265231
-105.897328563
-105.897351383
-105.897332678
-105.897272954
-105.897174715
-105.897041708
-105.896878894
-105.896692602
-105.896490232
-105.896279421
-105.896068065
-105.895864556
-105.895676548
-105.895511475
-105.895375512
-105.895273855
-105.895210457
-105.895187796
-105.895206653
-105.591065365
-105.591135326
-105.591230157
-105.591346173
-105.591478799
-105.591623116
-105.59177359
-105.591924154
-105.592069213
-105.592203088
-105.592320841
-105.592417679
-105.592490094
-105.592535295
-105.592551555
-105.592538229
-105.592495648
-105.59242562
-105.592330926
-105.592214849
-105.592082019
-105.591937622
-105.591787211
-105.591636535
-105.591491494
-105.591357624
-105.591240178
-105.591143447
-105.59107097
-105.591025828
-105.591009665
-105.591022974
-105.274774775
-105.274823897
-105.274890562
-105.274971837
-105.275065093
-105.275166614
-105.275272403
-105.275378358
-105.275480421
-105.27557455
-105.27565739
-105.275725678
-105.275776691
-105.275808546
-105.275819948
-105.275810426
-105.275780379
-105.275731167
-105.275664453
-105.27558287
-105.275489434
-105.275387682
-105.275281875
-105.275175872
-105.275073923
-105.274979939
-105.274897293
-105.274829227
-105.274778203
-105.274746472
-105.274735185
-105.274744822
-104.945937375
-104.945971554
-104.946017649
-104.946074027
-104.946138625
-104.946208873
-104.946282251
-104.94635587
-104.946426779
-104.946492312
-104.946549756
-104.946597133
-104.946632521
-104.946654639
-104.946662531
-104.946656026
-104.946635265
-104.94660108
-104.946554688
-104.946497979
-104.946433093
-104.946362528
-104.946289016
-104.946215476
-104.946144814
-104.946079547
-104.946022294
-104.945975192
-104.94593996
-104.945918041
-104.945910122
-104.945916765
-104.604075206
-104.604098328
-104.604129852
-104.604168388
-104.604212597
-104.604260726
-104.604311035
-104.604361299
-104.604409872
-104.604454706
-104.60449413
-104.604526681
-104.604550985
-104.604566114
-104.604571462
-104.604566888
-104.604552758
-104.604529385
-104.604497658
-104.604458897
-104.604414506
-104.604366077
-104.604315741
-104.604265331
-104.604216917
-104.604172353
-104.604133104
-104.60410092
-104.604076931
-104.604061912
-104.604056624
-104.604061037
-104.248686855
-104.248702413
-104.248723623
-104.248749542
-104.248779257
-104.24881172
-104.248845499
-104.248879539
-104.248912243
-104.248942567
-104.248969221
-104.248991244
-104.249007817
-104.249018157
-104.24902183
-104.249018884
-104.249009371
-104.248993658
-104.248972202
-104.248945957
-104.248915992
-104.24888329
-104.248849319
-104.248815351
-104.248782589
-104.248752417
-104.24872589
-104.248704204
-104.248687933
-104.248678017
-104.248674274
-104.248677322
-103.879248559
-103.879258993
-103.879273106
-103.879290395
-103.879310311
-103.879331839
-103.879354363
-103.879377082
-103.879398841
-103.879419001
-103.879436714
-103.879451291
-103.87946231
-103.879469419
-103.879472001
-103.879470151
-103.879463841
-103.879453119
-103.879438819
-103.879421259
-103.879401267
-103.879379601
-103.879357018
-103.879334383
-103.87931259
-103.879292453
-103.879274855
-103.879260341
-103.879249637
-103.879242866
-103.879240316
-103.879242219
-103.495214316
-103.495221171
-103.495230387
-103.495241802
-103.495254793
-103.495268949
-103.495283678
-103.495298461
-103.49531273
-103.495325982
-103.4953376
-103.495347153
-103.495354402
-103.495358928
-103.495360647
-103.495359526
-103.495355366
-103.495348489
-103.495339058
-103.495327536
-103.495314486
-103.495300183
-103.495285433
-103.49527054
-103.495256197
-103.495243104
-103.495231471
-103.495222058
-103.495214892
-103.495210454
-103.495208832
-103.495210098
-103.096012948
-103.096017298
-103.096023348
-103.096030626
-103.096038942
-103.09604796
-103.096057457
-103.096067074
-103.096076181
-103.096084923
-103.096092521
-103.096098781
-103.096103367
-103.096106361
-103.096107544
-103.096106737
-103.096104006
-103.096099522
-103.096093347
-103.096086129
-103.096077804
-103.09606885
-103.096059295
-103.09604978
-103.096040565
-103.096031972
-103.096024422
-103.096018145
-103.096013494
-103.096010563
-103.096009494
-103.096010296
-102.681050427
-102.681053346
-102.68105711
-102.681061806
-102.681066992
-102.681072876
-102.68107908
-102.681085346
-102.681091211
-102.681096665
-102.681101467
-102.681105273
-102.681108055
-102.681109779
-102.68111045
-102.681109863
-102.681108043
-102.681105242
-102.681101389
-102.681096921
-102.681091778
-102.681086294
-102.681080308
-102.681074224
-102.681068359
-102.681062787
-102.681057872
-102.681053975
-102.68105097
-102.681049073
-102.681048288
-102.681048805
-102.249708193
-102.249710033
-102.249712444
-102.249715458
-102.249718828
-102.249722525
-102.249726382
-102.249730161
-102.249733812
-102.249737251
-102.249740177
-102.249742678
-102.249744529
-102.24974558
-102.24974587
-102.24974545
-102.249744308
-102.24974248
-102.249740014
-102.249737123
-102.249733885
-102.249730428
-102.249726749
-102.249722959
-102.249719269
-102.24971575
-102.249712628
-102.249710139
-102.249708287
-102.249707156
-102.24970671
-102.249707101
-101.801341585
-101.801342793
-101.801344335
-101.801346252
-101.801348269
-101.801350536
-101.801352852
-101.801355191
-101.801357443
-101.801359481
-101.801361235
-101.801362744
-101.801363932
-101.801364671
-101.801364906
-101.801364593
-101.801363858
-101.801362659
-101.801361206
-101.801359433
-101.801357434
-101.801355264
-101.801353047
-101.801350806
-101.801348565
-101.801346519
-101.801344716
-101.801343208
-101.801341953
-101.801341151
-101.801340933
-101.801341063
-101.335281407
-101.335282117
-101.335282958
-101.335284127
-101.335285403
-101.335286653
-101.335288002
-101.335289316
-101.335290768
-101.335291948
-101.335292917
-101.335293756
-101.335294439
-101.335294934
-101.335295006
-101.335294963
-101.335294522
-101.335293877
-101.335292911
-101.33529186
-101.335290779
-101.335289437
-101.335287952
-101.335286479
-101.335285235
-101.335284033
-101.335282854
-101.3352821
-101.335281519
-101.335281103
-101.33528091
-101.33528097
-100.850830021
-100.850830424
-100.8508309
-100.850831588
-100.850832084
-100.850832875
-100.850833658
-100.850834493
-100.850835234
-100.850836037
-100.850836586
-100.850837123
-100.850837508
-100.850837721
-100.850837806
-100.850837708
-100.85083738
-100.850836932
-100.850836478
-100.850835875
-100.850835157
-100.850834518
-100.850833764
-100.85083298
-100.850832193
-100.850831471
-100.850830826
-100.850830323
-100.85082996
-100.850829725
-100.850829772
-100.850829902
-100.347263018
-100.347263217
-100.347263395
-100.347263742
-100.347264039
-100.347264412
-100.347264764
-100.347265114
-100.347265604
-100.347266019
-100.347266156
-100.347266529
-100.347266873
-100.34726702
-100.347266992
-100.347267
-100.347266921
-100.347266779
-100.347266485
-100.34726616
-100.347265671
-100.347265187
-100.347264765
-100.347264261
-100.34726383
-100.347263486
-100.347262962
-100.34726276
-100.34726271
-100.347262724
-100.347262617
-100.3472628
-99.8238252268
-99.8238252707
-99.8238253479
-99.8238255566
-99.8238256539
-99.8238258731
-99.8238261435
-99.8238263566
-99.8238266574
-99.8238269044
-99.8238270728
-99.8238272623
-99.8238274915
-99.8238276581
-99.8238276688
-99.8238277306
-99.8238277764
-99.8238276524
-99.8238274396
-99.8238272161
-99.8238268885
-99.8238267025
-99.8238265259
-99.8238263399
-99.8238260003
-99.8238257459
-99.823825661
-99.8238254881
-99.8238254076
-99.8238254146
-99.8238252633
-99.8238252729
-99.2797335486
-99.2797335891
-99.2797337036
-99.2797338817
-99.2797340335
-99.2797341652
-99.2797342346
-99.2797343096
-99.2797344479
-99.2797346002
-99.2797347216
-99.2797348394
-99.2797350509
-99.2797351355
-99.27973513
-99.2797352501
-99.2797354543
-99.2797355085
-99.2797352008
-99.2797349984
-99.2797348217
-99.2797345713
-99.2797343111
-99.279734183
-99.2797340361
-99.2797338942
-99.2797337775
-99.2797336896
-99.279733634
-99.2797336131
-99.2797336102
-99.2797335679
-98.7141728699
-98.714173057
-98.7141733215
-98.7141735903
-98.7141736922
-98.7141737375
-98.7141738138
-98.7141737831
-98.7141739222
-98.7141740884
-98.714174127
-98.7141742408
-98.7141742602
-98.7141742552
-98.7141742107
-98.7141742579
-98.7141742405
-98.7141741891
-98.7141740753
-98.7141739499
-98.7141738552
-98.7141738766
-98.714173796
-98.7141737409
-98.7141736013
-98.714173336
-98.7141731352
-98.7141729576
-98.714172897
-98.7141728519
-98.7141728864
-98.7141728922
-98.1262961698
-98.1262963537
-98.1262965178
-98.1262966136
-98.1262966886
-98.1262968307
-98.1262969177
-98.1262970247
-98.1262969668
-98.1262969608
-98.12629681
-98.1262967787
-98.1262967425
-98.1262967498
-98.1262966246
-98.1262965865
-98.1262965865
-98.1262966525
-98.1262968783
-98.1262971259
-98.1262972093
-98.1262972516
-98.1262971648
-98.1262969199
-98.1262966604
-98.1262964569
-98.1262962488
-98.1262961256
-98.1262958978
-98.1262958775
-98.1262959204
-98.1262961202
-97.5152236334
-97.5152236501
-97.5152236041
-97.5152237386
-97.5152237695
-97.5152238868
-97.5152237015
-97.5152235951
-97.5152234771
-97.5152234106
-97.5152233511
-97.5152234244
-97.5152232631
-97.5152231852
-97.5152230937
-97.5152229878
-97.5152229316
-97.5152230485
-97.5152231561
-97.5152233016
-97.5152234801
-97.5152236063
-97.5152235795
-97.5152237607
-97.515223681
-97.5152237003
-97.5152235611
-97.5152234493
-97.5152234271
-97.5152234631
-97.5152235166
-97.5152235918
-96.8800390561
-96.8800391751
-96.8800391033
-96.8800391443
-96.8800392277
-96.880039185
-96.8800390178
-96.8800389811
-96.8800390317
-96.8800390534
-96.8800388913
-96.8800389045
-96.880038813
-96.8800387067
-96.880038549
-96.8800384651
-96.8800383565
-96.8800383946
-96.8800384037
-96.8800384366
-96.8800383
-96.8800383006
-96.8800383714
-96.8800384663
-96.8800385852
-96.8800387393
-96.8800387941
-96.8800388849
-96.8800388539
-96.8800388925
-96.8800389217
-96.8800389996
-96.2197918695
-96.2197918886
-96.2197918132
-96.2197917294
-96.2197916546
-96.2197915893
-96.2197915476
-96.2197915646
-96.2197914519
-96.219791396
-96.2197913872
-96.2197914136
-96.2197914043
-96.2197915898
-96.2197916706
-96.2197917737
-96.2197917087
-96.2197917131
-96.2197917674
-96.2197918056
-96.2197917049
-96.2197916497
-96.2197915887
-96.219791504
-96.2197914388
-96.2197915582
-96.2197916727
-96.2197918372
-96.2197918902
-96.219791959
-96.2197918888
-96.2197919031
-95.5334919529
-95.5334920675
-95.5334921556
-95.5334923146
-95.5334923153
-95.5334923848
-95.5334922783
-95.5334922249
-95.5334921925
-95.533492116
-95.5334920017
-95.5334919793
-95.5334919401
-95.5334920043
-95.5334920996
-95.5334922365
-95.5334921195
-95.5334921652
-95.533492283
-95.5334922856
-95.5334922001
-95.5334922311
-95.5334921768
-95.5334921333
-95.5334919804
-95.5334919083
-95.5334918829
-95.5334919169
-95.5334918861
-95.5334919355
-95.5334919514
-95.5334919705
-94.8201129249
-94.8201129562
-94.8201128816
-94.8201129391
-94.8201130079
-94.820113098
-94.8201130439
-94.820113119
-94.8201131666
-94.8201132044
-94.8201130866
-94.8201130483
-94.820113025
-94.8201129611
-94.8201128501
-94.8201129188
-94.8201129582
-94.8201130704
-94.8201129795
-94.820113056
-94.820113237
-94.8201133548
-94.8201133535
-94.8201135046
-94.8201136079
-94.8201136235
-94.8201134503
-94.8201133368
-94.8201131968
-94.8201130959
-94.8201130066
-94.8201129627
-94.0785857711
-94.0785859078
-94.0785859536
-94.0785860635
-94.078586164
-94.0785863291
-94.0785864455
-94.0785866068
-94.0785865609
-94.0785865803
-94.078586507
-94.0785864066
-94.0785862321
-94.0785861081
-94.0785860133
-94.0785859538
-94.0785859323
-94.0785860311
-94.0785860496
-94.0785862685
-94.078586367
-94.0785864959
-94.0785865472
-94.078586491
-94.078586247
-94.0785860444
-94.0785858674
-94.0785856904
-94.078585532
-94.0785855573
-94.0785856103
-94.0785857367
-93.3078016254
-93.3078017263
-93.3078017466
-93.3078018326
-93.3078018251
-93.3078018439
-93.3078017042
-93.3078016056
-93.3078015501
-93.3078014461
-93.3078012797
-93.3078012872
-93.3078012847
-93.3078013689
-93.307801327
-93.3078014092
-93.3078014771
-93.307801544
-93.3078015732
-93.3078016942
-93.3078016343
-93.307801727
-93.3078017903
-93.3078017872
-93.3078016466
-93.3078015763
-93.3078016006
-93.3078015882
-93.3078014014
-93.3078014603
-93.3078015203
-93.3078015958
-92.5066047154
-92.506604702
-92.5066045569
-92.5066044701
-92.5066043962
-92.5066043511
-92.5066043019
-92.5066044155
-92.5066044873
-92.5066046557
-92.5066047455
-92.5066048705
-92.5066049129
-92.5066049671
-92.5066049004
-92.5066048748
-92.5066047696
-92.5066046978
-92.5066045916
-92.5066045392
-92.5066044555
-92.5066044745
-92.506604476
-92.5066045496
-92.5066045398
-92.50660459
-92.5066045663
-92.506604604
-92.5066046185
-92.50660469
-92.5066046698
-92.5066047344
-91.6737938721
-91.6737937791
-91.6737936481
-91.6737935852
-91.6737934924
-91.6737935655
-91.6737937227
-91.6737939433
-91.6737941284
-91.6737944097
-91.6737945627
-91.6737946773
-91.6737946402
-91.6737945444
-91.6737943809
-91.6737942186
-91.6737940478
-91.673794011
-91.6737939802
-91.673794052
-91.6737940977
-91.6737941685
-91.6737940458
-91.6737940366
-91.6737940246
-91.6737940051
-91.6737939105
-91.6737939411
-91.6737939748
-91.6737940305
-91.6737939153
-91.6737939145
-90.8081226087
-90.8081227286
-90.8081227855
-90.8081228411
-90.8081228036
-90.808122854
-90.8081228539
-90.8081229586
-90.8081230564
-90.8081232092
-90.8081232943
-90.8081234237
-90.8081233936
-90.8081234113
-90.8081233827
-90.8081233507
-90.8081232479
-90.8081232474
-90.8081232017
-90.8081232311
-90.8081231808
-90.8081231901
-90.8081230871
-90.8081230182
-90.8081229285
-90.808122821
-90.8081226576
-90.8081225767
-90.808122477
-90.8081224856
-90.8081225182
-90.8081226414
-89.9082936037
-89.9082935806
-89.9082934381
-89.9082933925
-89.9082933806
-89.9082933482
-89.9082932292
-89.9082932385
-89.9082931976
-89.908293181
-89.9082930695
-89.9082930005
-89.9082929043
-89.9082928064
-89.9082926698
-89.9082926385
-89.9082925301
-89.9082925882
-89.9082926191
-89.9082927249
-89.908292804
-89.9082929524
-89.9082930116
-89.9082931372
-89.9082931971
-89.9082933193
-89.9082933867
-89.9082935043
-89.908293535
-89.9082936177
-89.908293622
-89.9082936458
-88.9729585426
-88.972958521
-88.9729584657
-88.9729584917
-88.9729584063
-88.9729584307
-88.9729584055
-88.972958396
-88.9729583337
-88.9729583534
-88.9729583748
-88.9729584912
-88.97295848
-88.9729585898
-88.9729586042
-88.9729586135
-88.9729585295
-88.9729584384
-88.9729582661
-88.9729581783
-88.9729581491
-88.9729581773
-88.9729581354
-88.9729582851
-88.9729584267
-88.9729585997
-88.972958649
-88.972958759
-88.9729587424
-88.9729587597
-88.9729587183
-88.9729586679
-88.0007176521
-88.000717615
-88.0007175503
-88.0007176139
-88.0007176725
-88.0007178206
-88.000717841
-88.0007179952
-88.0007181623
-88.0007183183
-88.0007183048
-88.0007184598
-88.0007186385
-88.0007187625
-88.0007187489
-88.000718784
-88.000718669
-88.0007185165
-88.0007183286
-88.0007181226
-88.0007179045
-88.0007177943
-88.0007177045
-88.0007177376
-88.000717773
-88.0007179032
-88.0007178755
-88.0007179694
-88.0007179926
-88.0007179821
-88.000717844
-88.000717773
-86.9901145687
-86.9901146627
-86.9901147307
-86.990114955
-86.9901150776
-86.990115252
-86.9901153051
-86.9901153599
-86.9901153332
-86.9901153223
-86.9901152531
-86.9901152918
-86.9901153197
-86.9901154227
-86.9901153987
-86.9901154971
-86.9901155015
-86.9901155096
-86.9901154398
-86.9901153989
-86.9901152824
-86.9901152753
-86.9901152303
-86.9901152755
-86.9901152606
-86.9901153041
-86.9901151854
-86.9901151152
-86.990115004
-86.9901148689
-86.9901146433
-86.9901145627
-85.9396378461
-85.9396378611
-85.9396377722
-85.939637855
-85.9396380029
-85.9396381436
-85.9396381552
-85.9396383311
-85.9396384699
-85.9396386066
-85.939638603
-85.9396386681
-85.9396386189
-85.9396386112
-85.9396385524
-85.9396385294
-85.9396384082
-85.9396383968
-85.9396383232
-85.9396383311
-85.939638306
-85.9396383274
-85.9396382429
-85.9396382657
-85.9396382831
-85.9396383059
-85.9396381922
-85.9396381688
-85.9396381012
-85.9396380519
-85.9396379191
-85.9396378785
-84.8477109222
-84.8477109966
-84.8477109581
-84.8477109548
-84.8477109329
-84.8477109685
-84.8477109567
-84.847711077
-84.8477111652
-84.847711304
-84.8477113269
-84.8477113791
-84.847711322
-84.8477113
-84.8477112433
-84.8477112672
-84.8477112693
-84.8477113681
-84.8477113858
-84.8477114812
-84.8477115037
-84.8477114938
-84.84771132
-84.8477111829
-84.8477110301
-84.847710865
-84.8477106981
-84.8477106563
-84.8477105894
-84.8477106782
-84.8477107461
-84.8477108774
-83.7126963519
-83.7126964273
-83.7126964441
-83.712696492
-83.7126965041
-83.7126966399
-83.7126968032
-83.7126970436
-83.7126971816
-83.7126973871
-83.7126975032
-83.7126975647
-83.7126974669
-83.7126974197
-83.7126973932
-83.7126973893
-83.7126973063
-83.7126974107
-83.7126974742
-83.7126975546
-83.7126974318
-83.7126973213
-83.7126971117
-83.7126968169
-83.71269651
-83.7126962372
-83.7126960273
-83.7126959573
-83.7126959303
-83.7126960647
-83.712696128
-83.7126962898
-82.5328985522
-82.5328986429
-82.5328987107
-82.5328988275
-82.5328987939
-82.5328988009
-82.532898753
-82.5328986826
-82.5328986113
-82.5328986761
-82.5328987771
-82.5328990273
-82.5328992418
-82.5328995347
-82.5328997154
-82.5328998458
-82.5328997212
-82.5328995508
-82.5328993692
-82.5328991082
-82.5328988418
-82.5328987405
-82.5328986933
-82.5328987812
-82.5328987979
-82.5328989324
-82.5328989537
-82.5328989618
-82.5328988641
-82.532898768
-82.5328986428
-82.5328985985
-81.3065481161
-81.3065481904
-81.3065482646
-81.3065484371
-81.3065485621
-81.3065487962
-81.3065490283
-81.3065492582
-81.3065494095
-81.3065496244
-81.3065498345
-81.3065500218
-81.306550149
-81.306550304
-81.3065503684
-81.306550457
-81.3065504563
-81.306550415
-81.3065502181
-81.3065500293
-81.3065497911
-81.306549512
-81.3065492062
-81.3065489435
-81.3065486886
-81.3065485076
-81.306548348
-81.3065482704
-81.3065481693
-81.3065481525
-81.3065481075
-81.3065481306
-80.031813326
-80.0318134123
-80.0318134719
-80.0318135494
-80.0318135565
-80.0318136341
-80.0318137015
-80.0318137759
-80.0318137528
-80.0318137912
-80.0318137645
-80.0318137415
-80.0318136788
-80.0318136281
-80.0318135265
-80.0318134948
-80.0318134438
-80.0318134555
-80.0318134233
-80.0318134711
-80.0318134519
-80.0318134685
-80.0318134309
-80.0318134239
-80.0318133474
-80.0318133263
-80.0318132693
-80.0318132583
-80.0318131792
-80.0318132234
-80.0318132477
-80.0318133151
-78.7067789933
-78.7067790707
-78.7067791297
-78.7067792949
-78.7067794556
-78.7067796739
-78.7067798822
-78.7067801335
-78.706780328
-78.7067805693
-78.7067807643
-78.7067809559
-78.7067810375
-78.7067811483
-78.7067811687
-78.7067811744
-78.7067810847
-78.706780999
-78.7067808324
-78.7067806851
-78.7067805041
-78.7067803447
-78.7067801436
-78.7067799897
-78.7067798064
-78.7067796597
-78.7067794784
-78.7067793469
-78.7067792162
-78.7067791271
-78.706779014
-78.7067790044
-77.3294609464
-77.3294610737
-77.3294611926
-77.3294614154
-77.3294616498
-77.3294619051
-77.3294621097
-77.3294623308
-77.3294625088
-77.3294626592
-77.3294627546
-77.3294628691
-77.3294629086
-77.3294629881
-77.3294630476
-77.3294631222
-77.3294631025
-77.3294631598
-77.3294631737
-77.3294631656
-77.3294630395
-77.3294629288
-77.3294627483
-77.3294625324
-77.3294622774
-77.3294620188
-77.3294617282
-77.3294614813
-77.329461268
-77.3294611045
-77.3294609584
-77.3294609283
-75.8977981855
-75.8977982927
-75.8977982991
-75.897798409
-75.8977984965
-75.8977985743
-75.8977985875
-75.8977986621
-75.8977987104
-75.8977987911
-75.8977988408
-75.8977989172
-75.8977989573
-75.897799014
-75.8977989976
-75.8977990102
-75.8977989574
-75.8977989079
-75.8977988098
-75.8977987275
-75.8977986008
-75.897798502
-75.8977983893
-75.8977983009
-75.8977981703
-75.8977981134
-75.8977980446
-75.8977980198
-75.8977979835
-75.8977980204
-75.8977980233
-75.8977981026
-74.4096459479
-74.4096459691
-74.4096459547
-74.4096460216
-74.4096461088
-74.40964625
-74.40964636
-74.4096465576
-74.4096467888
-74.4096470192
-74.4096471841
-74.4096473838
-74.4096475527
-74.4096476672
-74.4096476755
-74.4096476952
-74.4096476527
-74.409647555
-74.4096473662
-74.4096471965
-74.4096470467
-74.4096468555
-74.4096466203
-74.4096464543
-74.4096463322
-74.4096462246
-74.4096460763
-74.4096460343
-74.4096460077
-74.4096460058
-74.4096459442
-74.409645951
-72.8627757086
-72.8627757877
-72.8627758551
-72.8627759389
-72.8627759817
-72.8627760664
-72.8627761452
-72.8627761943
-72.8627761303
-72.8627761378
-72.8627761647
-72.8627761632
-72.8627760841
-72.8627761013
-72.8627761654
-72.8627762287
-72.8627762121
-72.8627762818
-72.8627763911
-72.8627764497
-72.8627763979
-72.8627764123
-72.8627764306
-72.862776377
-72.8627761994
-72.8627760952
-72.8627760607
-72.8627759577
-72.8627757742
-72.8627757198
-72.8627757347
-72.8627757371
-71.2548669576
-71.2548669234
-71.2548668364
-71.2548667698
-71.2548667118
-71.2548666654
-71.2548665593
-71.2548665372
-71.2548665525
-71.2548665507
-71.2548664624
-71.2548664603
-71.2548664642
-71.2548664329
-71.254866326
-71.2548662681
-71.2548662235
-71.2548661587
-71.2548660532
-71.254866016
-71.2548660127
-71.2548660409
-71.2548660655
-71.254866172
-71.2548662855
-71.2548664354
-71.254866556
-71.2548667067
-71.2548668177
-71.2548669158
-71.2548669461
-71.2548669798
-69.5835134279
-69.5835133553
-69.5835132362
-69.5835131441
-69.5835130283
-69.5835129137
-69.5835127965
-69.5835126922
-69.5835125871
-69.5835125229
-69.583512472
-69.5835124705
-69.5835124574
-69.5835125068
-69.58351257
-69.583512644
-69.5835126722
-69.5835127569
-69.5835128749
-69.5835129677
-69.5835130013
-69.5835131002
-69.583513202
-69.583513301
-69.5835133596
-69.5835134474
-69.5835134736
-69.5835135161
-69.5835135609
-69.5835135768
-69.5835134992
-69.5835134674
-67.8462171447
-67.8462171791
-67.8462171328
-67.846217105
-67.8462170504
-67.8462169462
-67.8462167804
-67.8462166176
-67.8462164474
-67.8462162518
-67.8462160507
-67.8462158747
-67.8462157493
-67.846215647
-67.8462155594
-67.8462155574
-67.8462156028
-67.8462157037
-67.8462157997
-67.8462159676
-67.8462161128
-67.8462162759
-67.8462164306
-67.8462165677
-67.8462166562
-67.8462167493
-67.846216848
-67.8462169123
-67.846216936
-67.8462170019
-67.8462170629
-67.8462171173
-66.0403695858
-66.0403694413
-66.0403692812
-66.0403690833
-66.0403688238
-66.0403685981
-66.0403684152
-66.040368206
-66.0403679643
-66.0403677994
-66.0403676664
-66.0403675346
-66.0403674269
-66.0403673621
-66.0403673101
-66.0403673181
-66.0403673556
-66.0403674467
-66.0403675558
-66.0403677153
-66.0403679055
-66.0403681251
-66.0403683453
-66.0403686045
-66.0403688395
-66.0403690838
-66.0403693143
-66.0403695046
-66.0403696052
-66.0403696947
-66.0403697214
-66.0403696904
-64.1632656683
-64.1632656865
-64.1632656803
-64.1632656974
-64.1632656984
-64.1632657026
-64.163265706
-64.1632657148
-64.1632656946
-64.16326571
-64.1632657136
-64.1632657175
-64.1632657126
-64.1632657101
-64.1632656598
-64.1632656301
-64.1632656146
-64.1632655716
-64.1632654848
-64.1632654448
-64.1632654382
-64.1632654117
-64.1632653629
-64.1632653725
-64.163265398
-64.1632654293
-64.1632654477
-64.1632654971
-64.1632655404
-64.163265584
-64.1632655971
-64.1632656285
-62.2121016916
-62.2121016887
-62.2121016632
-62.2121016535
-62.2121016646
-62.2121016564
-62.2121016083
-62.2121015978
-62.2121015952
-62.2121015806
-62.2121015518
-62.2121015453
-62.2121015377
-62.2121015417
-62.2121015533
-62.2121015864
-62.212101595
-62.2121016324
-62.2121016934
-62.2121017404
-62.2121017461
-62.2121017843
-62.2121018236
-62.2121018385
-62.2121018306
-62.2121018298
-62.2121018116
-62.2121017967
-62.2121017618
-62.2121017419
-62.2121017264
-62.2121017096
-60.1839415542
-60.1839416597
-60.183941801
-60.183941996
-60.1839421921
-60.1839424284
-60.1839426753
-60.1839429187
-60.183943136
-60.1839433562
-60.1839435465
-60.1839437112
-60.1839438313
-60.1839439218
-60.1839439635
-60.1839439715
-60.1839439263
-60.1839438399
-60.1839436996
-60.1839435304
-60.1839433429
-60.1839431103
-60.1839428693
-60.1839426129
-60.1839423763
-60.1839421406
-60.1839419151
-60.1839417283
-60.1839416253
-60.1839415343
-60.1839414529
-60.1839414707
-58.075761165
-58.0757612392
-58.075761326
-58.0757614321
-58.0757615234
-58.0757616293
-58.0757617146
-58.075761796
-58.0757618716
-58.0757619255
-58.075761955
-58.0757619827
-58.0757620123
-58.0757620242
-58.0757620078
-58.075762011
-58.0757620092
-58.0757619934
-58.0757619496
-58.0757619119
-58.0757618582
-58.0757617884
-58.0757616981
-58.0757616011
-58.0757615086
-58.0757614054
-58.0757613046
-58.0757612208
-58.0757611624
-58.0757611227
-58.0757611112
-58.0757611339
-55.8843962317
-55.8843960057
-55.8843957309
-55.8843953853
-55.8843950304
-55.8843946434
-55.8843942961
-55.8843939469
-55.884393615
-55.8843933329
-55.8843931316
-55.8843929377
-55.8843927563
-55.884392652
-55.8843926045
-55.8843925801
-55.8843926189
-55.88439271
-55.8843928348
-55.8843930414
-55.8843933338
-55.8843936624
-55.8843939942
-55.8843944079
-55.8843948301
-55.8843952482
-55.8843955918
-55.8843959254
-55.8843961767
-55.8843963405
-55.8843963924
-55.8843963563
-53.6065633986
-53.6065634795
-53.6065635414
-53.6065636369
-53.6065637269
-53.6065637989
-53.6065638515
-53.6065638978
-53.6065639285
-53.6065639464
-53.6065639483
-53.6065639526
-53.6065639778
-53.6065639912
-53.6065639978
-53.6065640231
-53.6065640362
-53.6065640483
-53.6065640579
-53.6065640434
-53.6065639921
-53.6065639347
-53.6065638716
-53.6065637753
-53.6065636637
-53.6065635533
-53.6065634791
-53.6065633956
-53.6065633235
-53.6065632986
-53.6065633007
-53.6065633304
-51.2388556357
-51.2388556799
-51.2388557611
-51.2388558535
-51.2388559444
-51.2388560689
-51.2388562113
-51.2388563459
-51.2388564569
-51.2388565796
-51.2388566915
-51.238856778
-51.2388568318
-51.2388568726
-51.2388568934
-51.2388568825
-51.2388568538
-51.2388568041
-51.2388567228
-51.2388566336
-51.2388565585
-51.2388564485
-51.238856323
-51.2388562112
-51.2388560958
-51.238855979
-51.2388559019
-51.2388558131
-51.2388557111
-51.2388556567
-51.2388556451
-51.2388556378
-48.7777251816
-48.7777251446
-48.7777250866
-48.7777250285
-48.7777249606
-48.7777248876
-48.7777248317
-48.7777247645
-48.7777246948
-48.7777246416
-48.7777246036
-48.7777245664
-48.7777245251
-48.777724505
-48.7777245088
-48.7777245104
-48.7777245034
-48.7777245245
-48.7777245703
-48.7777246089
-48.7777246512
-48.7777247119
-48.7777247795
-48.7777248533
-48.7777249145
-48.7777249854
-48.7777250626
-48.7777251209
-48.7777251529
-48.7777251866
-48.7777252028
-48.777725196
-46.2194818593
-46.2194818786
-46.2194818824
-46.2194819074
-46.2194819458
-46.2194819687
-46.2194819922
-46.2194820198
-46.2194820312
-46.2194820492
-46.2194820819
-46.2194820958
-46.2194820914
-46.2194821014
-46.2194821132
-46.2194821125
-46.2194821129
-46.2194821084
-46.219482082
-46.2194820651
-46.2194820567
-46.2194820301
-46.2194819975
-46.2194819738
-46.2194819345
-46.2194819026
-46.2194819017
-46.2194818809
-46.2194818406
-46.2194818355
-46.2194818441
-46.2194818435
-43.5602963668
-43.5602963766
-43.560296401
-43.5602964312
-43.5602964524
-43.5602964918
-43.5602965449
-43.5602965876
-43.5602966248
-43.56029667
-43.5602967042
-43.5602967366
-43.5602967775
-43.5602967978
-43.5602967998
-43.5602968073
-43.5602968084
-43.5602967939
-43.5602967717
-43.560296744
-43.5602967123
-43.5602966746
-43.5602966307
-43.5602965862
-43.560296554
-43.5602965138
-43.5602964624
-43.5602964277
-43.56029641
-43.5602963885
-43.560296363
-43.5602963576
-40.7961877157
-40.7961877173
-40.796187706
-40.7961877082
-40.796187723
-40.7961877256
-40.7961877158
-40.7961877183
-40.7961877342
-40.7961877351
-40.7961877288
-40.7961877309
-40.7961877366
-40.796187736
-40.7961877318
-40.7961877307
-40.7961877315
-40.7961877284
-40.7961877268
-40.796187726
-40.7961877154
-40.7961877109
-40.7961877212
-40.7961877186
-40.7961877047
-40.7961877057
-40.7961877072
-40.7961877034
-40.7961877097
-40.7961877119
-40.7961876974
-40.7961876983
-37.9230152063
-37.9230152079
-37.9230152247
-37.9230152276
-37.9230152179
-37.9230152243
-37.9230152429
-37.9230152478
-37.9230152459
-37.9230152526
-37.9230152644
-37.9230152704
-37.9230152684
-37.9230152746
-37.9230152827
-37.9230152825
-37.9230152841
-37.9230152834
-37.9230152725
-37.9230152689
-37.9230152751
-37.923015269
-37.9230152532
-37.9230152484
-37.9230152467
-37.9230152392
-37.923015232
-37.9230152266
-37.923015222
-37.9230152157
-37.9230152164
-37.9230152164
-34.9364746852
-34.9364746738
-34.9364746458
-34.9364746272
-34.9364746084
-34.9364745785
-34.9364745508
-34.9364745208
-34.9364744862
-34.936474457
-34.9364744362
-34.9364744122
-34.9364743929
-34.9364743814
-34.9364743692
-34.9364743678
-34.9364743817
-34.9364743917
-34.936474399
-34.9364744222
-34.9364744462
-34.9364744705
-34.9364745112
-34.9364745439
-34.9364745552
-34.9364745856
-34.9364746252
-34.9364746444
-34.9364746607
-34.9364746774
-34.936474674
-34.9364746741
-31.8320902779
-31.8320902701
-31.8320902485
-31.83209023
-31.8320902205
-31.8320901989
-31.8320901589
-31.8320901329
-31.8320901248
-31.8320900996
-31.8320900652
-31.8320900488
-31.8320900377
-31.8320900248
-31.8320900209
-31.832090022
-31.8320900199
-31.8320900295
-31.8320900455
-31.8320900608
-31.8320900858
-31.8320901093
-31.8320901273
-31.8320901535
-31.8320901833
-31.8320902059
-31.8320902286
-31.8320902473
-31.8320902621
-31.8320902733
-31.8320902791
-31.832090279
-28.6052156849
-28.605215684
-28.6052156869
-28.6052156877
-28.6052156803
-28.6052156786
-28.6052156875
-28.6052156867
-28.6052156752
-28.605215675
-28.6052156766
-28.6052156737
-28.6052156709
-28.6052156695
-28.6052156687
-28.6052156685
-28.6052156651
-28.6052156653
-28.6052156704
-28.6052156697
-28.6052156681
-28.605215669
-28.6052156734
-28.6052156745
-28.6052156729
-28.6052156724
-28.6052156843
-28.6052156865
-28.6052156768
-28.6052156783
-28.6052156919
-28.6052156922
-25.2510175384
-25.2510175588
-25.2510175755
-25.2510176117
-25.2510176693
-25.2510177193
-25.2510177583
-25.2510178155
-25.2510178781
-25.2510179301
-25.2510179683
-25.2510180083
-25.2510180569
-25.2510180826
-25.2510180776
-25.2510180799
-25.2510180894
-25.2510180683
-25.251018027
-25.2510179929
-25.2510179478
-25.2510178964
-25.2510178501
-25.2510177938
-25.2510177361
-25.2510176852
-25.2510176394
-25.2510175977
-25.2510175679
-25.2510175441
-25.2510175229
-25.2510175194
-21.7644732783
-21.7644732678
-21.7644732474
-21.7644732232
-21.7644731956
-21.7644731656
-21.7644731283
-21.7644730946
-21.7644730646
-21.7644730311
-21.7644730002
-21.7644729757
-21.7644729541
-21.7644729413
-21.7644729277
-21.7644729245
-21.7644729446
-21.7644729578
-21.7644729568
-21.7644729806
-21.7644730257
-21.7644730529
-21.7644730833
-21.7644731204
-21.7644731519
-21.7644731824
-21.7644732257
-21.7644732505
-21.7644732587
-21.7644732739
-21.7644732935
-21.7644732922
-18.140353801
-18.1403538003
-18.1403538052
-18.1403538041
-18.140353796
-18.1403537934
-18.1403537962
-18.1403537952
-18.1403537869
-18.1403537843
-18.140353788
-18.1403537867
-18.1403537818
-18.1403537816
-18.1403537771
-18.1403537756
-18.140353787
-18.140353788
-18.1403537778
-18.1403537806
-18.1403537865
-18.1403537867
-18.1403537972
-18.1403538008
-18.140353788
-18.1403537901
-18.1403538081
-18.1403538076
-18.1403537984
-18.1403538011
-18.1403538088
-18.1403538076
-14.3732384524
-14.3732384567
-14.3732384477
-14.3732384546
-14.3732384681
-14.3732384705
-14.3732384858
-14.3732384964
-14.3732384849
-14.3732384912
-14.3732385194
-14.3732385221
-14.3732385141
-14.3732385213
-14.3732385207
-14.373238517
-14.3732385318
-14.3732385312
-14.3732385033
-14.3732384991
-14.3732385127
-14.3732385024
-14.3732384877
-14.3732384855
-14.3732384664
-14.3732384559
-14.3732384732
-14.373238468
-14.3732384394
-14.3732384391
-14.3732384488
-14.3732384456
-10.4574868019
-10.4574868022
-10.4574868179
-10.4574868152
-10.4574868019
-10.457486801
-10.4574868072
-10.4574868052
-10.4574867957
-10.4574867933
-10.4574868016
-10.4574868006
-10.4574867867
-10.457486786
-10.4574867993
-10.4574867987
-10.4574867868
-10.4574867881
-10.457486799
-10.4574868003
-10.4574867935
-10.4574867949
-10.4574868062
-10.4574868088
-10.4574867987
-10.4574867995
-10.4574868168
-10.457486819
-10.4574868009
-10.457486801
-10.4574868226
-10.4574868226
-6.38721921443
-6.38721921615
-6.38721923249
-6.38721923063
-6.38721922487
-6.38721922524
-6.38721922357
-6.38721922451
-6.38721922358
-6.38721922123
-6.38721923035
-6.38721923164
-6.38721921528
-6.3872192153
-6.38721923083
-6.38721922918
-6.38721922002
-6.38721922197
-6.38721922519
-6.38721922412
-6.38721922238
-6.38721922246
-6.38721922754
-6.38721922884
-6.38721921987
-6.38721921869
-6.38721923271
-6.38721923438
-6.38721921577
-6.38721921517
-6.3872192384
-6.38721923776
-2.15635761679
-2.156357618
-2.15635761986
-2.15635762004
-2.15635761748
-2.15635761699
-2.15635762223
-2.15635762308
-2.15635761536
-2.15635761514
-2.15635762389
-2.15635762363
-2.15635761771
-2.15635761843
-2.15635761929
-2.156357619
-2.15635762244
-2.1563576218
-2.1563576182
-2.15635761946
-2.15635761786
-2.15635761614
-2.15635762409
-2.15635762502
-2.15635761282
-2.15635761242
-2.15635762366
-2.15635762279
-2.15635761513
-2.1563576165
-2.15635762027
-2.15635761863
)
;

boundaryField
{
    top
    {
        type            fixedValue;
        value           uniform 0;
    }
    ground
    {
        type            fixedFluxPressure;
        gradient        nonuniform List<scalar> 
32
(
175.221363261
-49.0084041001
31.414204827
29.3015444195
18.1126673763
27.6734239
-408.002058651
23.8507225913
127.136872794
32.574886188
18.9903167447
-22.4483129235
65.8929903007
-236.692875288
125.341517937
40.3847322803
113.244307556
315.370452372
-1554.90315833
5377.6918297
-2101.037933
795.723224218
7.71649331534
-375.732324961
36.403002486
-39.4295272972
-85.283058095
-142.845535238
352.089928776
492.344173191
-2782.57108795
643.746929561
)
;
        value           nonuniform List<scalar> 
32
(
-91.9981933271
-90.3542699763
-88.1577957037
-90.8018416252
-99.1244878639
-108.700581003
-120.287774603
-123.998237728
-129.031214588
-132.962974159
-135.861189279
-138.617790185
-140.984225992
-145.375276514
-144.220407426
-146.809033967
-149.809624866
-149.983001397
-160.293083385
-132.075549947
-170.123294467
-154.187543013
-157.470793651
-152.757626414
-140.136034214
-130.6331773
-121.975249019
-116.755690992
-107.826962758
-91.2825206453
-71.979167361
-83.200654829
)
;
    }
    inlet
    {
        type            cyclic;
    }
    outlet
    {
        type            cyclic;
    }
    front
    {
        type            cyclic;
    }
    back
    {
        type            cyclic;
    }
}


// ************************************************************************* //
